0 1
1 2
2 3
3 4
4 5
5 6
6 7
7 8
8 9
9 10
10 11
11 12
12 13
13 14
14 15
15 359
17 16
18 17
19 18
20 19
21 20
22 21
23 22
24 23
25 24
26 25
27 26
28 27
29 28
30 29
31 30
360 31
32 33
33 34
34 35
35 36
36 37
37 38
38 39
39 40
40 41
41 42
42 43
43 44
44 45
45 46
46 47
47 361
49 48
50 49
51 50
52 51
53 52
54 53
55 54
56 55
57 56
58 57
59 58
60 59
61 60
62 61
63 62
362 63
64 65
65 66
66 67
67 68
68 69
69 70
70 71
71 72
72 73
73 74
74 75
75 76
76 77
77 78
78 79
79 363
80 81
81 82
82 83
83 84
84 85
85 86
87 88
88 89
89 90
90 91
91 92
92 364
380 93
93 94
94 95
95 96
96 97
97 384
395 98
98 99
99 100
100 101
101 102
102 381
93 380
94 93
95 94
96 95
97 96
384 97
98 395
99 98
100 99
101 100
102 101
381 102
104 103
105 104
106 105
107 106
386 107
108 386
109 108
111 110
397 111
112 397
113 112
114 113
115 114
365 115
117 116
118 117
119 118
388 119
120 388
121 120
122 121
123 122
124 123
125 124
126 125
127 126
399 127
128 399
129 128
130 129
366 130
131 132
132 133
133 390
390 134
134 135
135 136
136 137
137 138
138 139
139 140
140 141
141 142
142 143
143 401
401 144
144 145
145 367
147 146
392 147
148 392
149 148
150 149
151 150
152 151
153 152
154 153
155 154
156 155
157 156
158 157
159 158
403 159
160 403
368 160
161 394
394 162
162 163
163 164
164 165
165 166
166 167
167 168
168 169
169 170
170 171
171 172
172 173
173 174
174 175
175 405
405 369
406 176
176 177
177 178
178 179
179 180
180 181
181 182
182 183
183 184
184 185
185 186
186 187
187 188
188 189
189 424
176 406
177 176
178 177
179 178
180 179
181 180
182 181
183 182
184 183
185 184
186 185
187 186
188 187
189 188
424 189
407 190
191 407
192 191
193 192
194 193
195 194
196 195
197 196
198 197
199 198
200 199
201 200
202 201
425 202
370 425
204 203
408 204
205 408
206 205
207 206
208 207
209 208
210 209
211 210
212 211
213 212
214 213
426 214
215 426
371 215
216 217
217 218
218 219
219 410
410 220
220 221
221 222
222 223
223 224
224 225
225 226
226 227
227 428
428 228
228 229
229 230
230 372
232 231
233 232
234 233
235 234
412 235
236 412
237 236
238 237
239 238
240 239
241 240
242 241
243 242
244 243
245 244
373 245
246 247
247 248
248 249
249 250
250 251
251 414
414 252
252 253
253 432
432 254
254 255
255 256
256 257
257 258
259 260
260 261
261 262
262 263
263 264
264 265
266 267
267 268
268 269
269 270
270 271
271 383
260 259
261 260
262 261
263 262
264 263
265 264
267 266
268 267
269 268
270 269
271 270
383 271
273 272
274 273
275 274
276 275
277 276
433 277
278 433
279 278
415 279
280 415
281 280
282 281
283 282
284 283
375 284
286 285
287 286
288 287
289 288
435 289
290 435
291 290
292 291
293 292
294 293
295 294
417 295
296 417
297 296
298 297
299 298
376 299
300 301
301 302
302 303
303 437
437 304
304 305
305 306
306 307
307 308
308 309
309 310
310 311
311 419
419 312
312 313
313 314
314 377
316 315
317 316
318 317
319 318
320 319
321 320
322 321
323 322
324 323
325 324
326 325
327 326
328 327
329 328
378 329
330 331
331 332
332 333
333 334
334 335
335 336
336 337
337 338
338 339
339 340
340 341
341 342
342 343
343 344
344 379
441 345
345 346
346 347
347 348
348 349
349 350
350 351
351 352
352 353
353 354
354 355
355 356
356 357
357 358
358 423
345 441
346 345
347 346
348 347
349 348
350 349
351 350
352 351
353 352
354 353
355 354
356 355
357 356
358 357
423 358
443 442
444 443
445 444
446 445
495 446
447 495
448 447
496 448
449 496
450 449
451 450
452 451
453 452
454 453
455 454
456 457
457 493
493 458
458 459
459 460
460 488
488 461
461 462
462 463
463 464
464 465
465 466
466 503
503 467
467 468
468 469
469 498
498 470
470 471
473 472
474 473
490 474
475 490
491 475
476 491
477 476
478 477
479 478
480 479
481 480
482 481
483 482
500 483
484 500
501 484
485 501
486 485
487 486
0 16
16 32
32 48
48 64
64 80
80 380
380 103
103 116
116 131
131 146
146 161
161 406
16 0
32 16
48 32
64 48
80 64
380 80
103 380
116 103
131 116
146 131
161 146
406 161
1 17
17 33
33 49
49 65
65 81
81 93
93 104
104 117
117 132
132 147
147 393
393 162
162 176
18 2
34 18
50 34
66 50
82 66
94 82
105 94
118 105
133 118
391 133
148 391
163 148
177 163
3 19
19 35
35 51
51 67
67 83
83 95
95 106
106 119
119 389
389 134
134 149
149 164
164 178
20 4
36 20
52 36
68 52
84 68
96 84
107 96
387 107
120 387
135 120
150 135
165 150
179 165
5 21
21 37
37 53
53 69
69 85
85 97
97 385
385 108
108 121
121 136
136 151
151 166
166 180
22 6
38 22
54 38
70 54
86 70
384 86
109 384
122 109
137 122
152 137
167 152
181 167
7 23
23 39
39 55
55 71
123 138
138 153
153 168
23 7
39 23
55 39
71 55
138 123
153 138
168 153
8 24
24 40
40 56
56 72
24 8
40 24
56 40
72 56
9 25
25 41
41 57
57 73
124 139
139 154
154 169
10 26
26 42
42 58
58 74
74 87
87 395
395 110
110 125
125 140
140 155
155 170
170 184
27 11
43 27
59 43
75 59
88 75
98 88
396 98
111 396
126 111
141 126
156 141
171 156
185 171
12 28
28 44
44 60
60 76
76 89
89 99
99 112
112 398
398 127
127 142
142 157
157 172
172 186
29 13
45 29
61 45
77 61
90 77
100 90
113 100
128 113
400 128
143 400
158 143
173 158
187 173
14 30
30 46
46 62
62 78
78 91
91 101
101 114
114 129
129 144
144 402
402 159
159 174
174 188
31 15
47 31
63 47
79 63
92 79
102 92
115 102
130 115
145 130
160 145
404 160
175 404
189 175
359 360
360 361
361 362
362 363
363 364
364 381
381 365
365 366
366 367
367 368
368 369
369 424
360 359
361 360
362 361
363 362
364 363
381 364
365 381
366 365
367 366
368 367
369 368
424 369
406 190
190 203
203 216
216 231
231 246
246 259
259 272
272 285
285 300
300 315
315 330
330 441
190 406
203 190
216 203
231 216
246 231
259 246
272 259
285 272
300 285
315 300
330 315
441 330
176 407
407 204
204 217
217 232
232 247
247 260
260 273
273 286
286 301
301 316
316 331
331 345
191 177
408 191
218 408
233 218
248 233
261 248
274 261
287 274
302 287
317 302
332 317
346 332
178 192
192 205
205 409
409 219
219 234
234 249
249 262
262 275
275 288
288 303
303 438
438 318
318 333
333 347
193 179
206 193
220 206
411 220
235 411
250 235
263 250
276 263
289 276
436 289
304 436
319 304
334 319
348 334
180 194
194 207
207 221
221 236
236 413
413 251
251 264
264 277
277 434
434 290
290 305
305 320
320 335
335 349
195 181
208 195
222 208
237 222
414 237
265 414
433 265
291 433
306 291
321 306
336 321
350 336
182 196
196 209
209 223
223 238
238 252
278 292
292 307
307 322
322 337
337 351
196 182
209 196
223 209
238 223
252 238
292 278
307 292
322 307
337 322
351 337
183 197
197 210
210 224
224 239
239 253
279 293
293 308
308 323
323 338
338 352
197 183
210 197
224 210
239 224
253 239
293 279
308 293
323 308
338 323
352 338
184 198
198 211
211 225
225 240
240 432
432 266
266 415
415 294
294 309
309 324
324 339
339 353
199 185
212 199
226 212
241 226
431 241
254 431
267 254
280 267
416 280
295 416
310 295
325 310
340 325
354 340
186 200
200 213
213 227
227 429
429 242
242 255
255 268
268 281
281 296
296 418
418 311
311 326
326 341
341 355
201 187
214 201
427 214
228 427
243 228
256 243
269 256
282 269
297 282
312 297
420 312
327 420
342 327
356 342
188 202
202 426
426 229
229 244
244 257
257 270
270 283
283 298
298 313
313 328
328 343
343 357
425 189
215 425
230 215
245 230
258 245
271 258
284 271
299 284
314 299
329 314
344 329
358 344
424 370
370 371
371 372
372 373
373 374
374 383
383 375
375 376
376 377
377 378
378 379
379 423
370 424
371 370
372 371
373 372
374 373
383 374
375 383
376 375
377 376
378 377
379 378
423 379
441 442
442 456
456 472
442 441
456 442
472 456
345 443
443 457
457 473
444 346
458 444
489 458
474 489
347 445
445 459
459 475
475 439
439 422
446 348
460 446
492 460
476 492
349 447
447 494
494 461
461 477
495 350
462 495
478 462
448 463
463 479
463 448
479 463
449 464
464 480
464 449
480 464
353 496
496 465
465 481
450 354
497 450
466 497
482 466
355 451
451 467
467 499
499 483
452 356
468 452
484 468
421 484
440 421
357 453
453 469
469 502
502 485
454 358
470 454
486 470
423 455
455 471
471 487
455 423
471 455
487 471
406 394
394 393
393 392
392 391
391 390
390 389
389 388
388 387
387 386
386 385
385 384
395 396
396 397
397 398
398 399
399 400
400 401
401 402
402 403
403 404
404 405
405 424
406 407
407 408
408 409
409 410
410 411
411 412
412 413
413 414
415 416
416 417
417 418
418 419
419 420
420 328
328 344
344 423
408 407
407 406
409 408
410 409
411 410
412 411
413 412
414 413
416 415
417 416
418 417
419 418
420 419
328 420
344 328
423 344
424 425
425 426
426 427
427 428
428 429
429 430
430 431
431 432
433 434
434 435
435 436
436 437
437 438
438 317
317 331
331 441
425 424
426 425
427 426
428 427
429 428
430 429
431 430
432 431
434 433
435 434
436 435
437 436
438 437
317 438
331 317
441 331
443 441
488 443
489 488
490 489
439 490
423 454
454 503
503 502
502 501
501 421
439 491
491 492
492 493
493 494
494 495
491 439
492 491
493 492
494 493
495 494
496 497
497 498
498 499
499 500
500 421
497 496
498 497
499 498
500 499
421 500
504 505
504 520
504 521
505 504
505 521
505 506
506 505
506 507
506 899
507 506
507 508
507 531
508 507
508 519
508 901
509 508
509 510
509 523
510 509
510 511
510 903
511 510
511 511
511 525
511 904
512 511
512 513
512 526
513 512
513 514
513 906
514 513
514 515
514 907
515 514
515 516
515 529
516 515
516 909
518 531
518 509
519 518
519 510
520 521
520 533
521 506
521 531
521 504
521 532
531 517
522 531
522 518
523 522
523 536
524 523
524 510
525 524
525 511
525 538
526 525
526 539
527 528
527 513
528 527
528 514
529 528
529 542
530 529
530 516
533 520
544 545
534 544
534 535
534 548
534 532
534 549
535 522
535 536
536 550
536 537
537 524
537 538
538 525
538 552
538 539
539 553
539 540
540 527
540 541
541 528
541 542
542 556
542 543
543 530
545 558
546 533
558 544
558 559
547 558
547 545
548 547
548 561
549 548
549 535
549 534
549 563
550 549
550 563
551 550
551 537
552 551
552 538
552 565
553 552
553 566
554 553
554 540
555 554
555 541
556 555
556 569
557 556
557 543
559 560
559 547
560 561
560 547
561 562
561 573
562 563
562 549
563 564
563 575
563 576
563 549
564 565
564 551
565 566
565 552
565 577
566 567
566 578
567 568
567 554
568 569
568 555
569 570
569 581
570 557
571 572
571 559
571 583
572 573
572 560
573 574
573 585
574 575
574 562
575 576
575 587
576 577
576 564
576 563
577 578
577 565
578 579
578 589
579 580
579 567
580 581
580 568
581 582
581 592
582 570
583 584
583 571
583 594
584 583
584 585
584 572
585 584
585 586
585 596
586 585
586 587
586 574
587 586
587 588
587 598
588 587
588 576
589 590
589 601
590 589
590 591
590 579
591 590
591 592
591 580
592 591
592 593
592 604
593 592
593 582
594 583
594 606
595 594
595 584
596 595
596 608
597 596
597 586
598 597
598 610
599 598
599 588
600 599
600 612
601 600
601 613
601 614
602 601
602 590
603 602
603 591
604 603
604 616
605 604
605 593
606 594
606 618
607 606
607 595
608 607
608 620
609 608
609 597
610 609
610 622
611 610
611 599
612 611
612 600
612 624
613 612
613 625
614 613
614 602
614 601
614 627
615 614
615 603
616 615
616 628
617 616
617 605
618 606
618 630
618 619
619 620
619 607
620 621
620 632
621 622
621 609
622 623
622 634
623 624
623 611
624 625
624 612
624 636
625 626
625 637
626 627
626 614
627 628
627 615
627 614
627 640
628 629
628 640
629 617
630 618
630 642
631 630
631 619
632 631
632 644
633 632
633 621
634 633
634 646
635 634
635 623
636 635
636 624
636 648
637 636
637 649
638 637
638 626
639 638
639 627
640 639
640 652
640 627
640 653
641 640
641 629
642 630
642 654
642 643
643 644
643 631
644 645
644 656
645 646
645 633
646 647
646 658
647 648
647 635
648 649
648 636
648 660
649 650
649 661
650 651
650 638
651 652
651 639
652 653
652 664
653 641
653 640
654 642
654 666
654 655
655 654
655 656
655 643
656 655
656 657
656 668
657 656
657 658
657 645
658 657
658 659
658 670
659 658
659 660
659 647
660 659
660 661
660 648
660 672
661 660
661 662
661 673
662 661
662 663
662 650
663 662
663 664
663 651
664 663
664 665
664 676
665 664
665 653
666 654
666 680
667 666
667 655
668 667
668 682
669 668
669 657
670 669
670 684
671 670
671 659
672 671
672 660
672 686
673 672
673 687
674 673
674 662
675 674
675 663
676 675
676 690
677 676
677 665
679 677
680 666
680 694
681 680
681 667
682 681
682 696
683 682
683 669
684 683
684 698
685 684
685 671
686 685
686 672
686 700
687 686
687 701
688 687
688 674
689 688
689 675
690 689
690 704
691 690
691 677
692 691
692 679
693 704
694 680
694 708
694 695
695 696
695 681
696 697
696 710
697 698
697 683
698 699
698 712
699 700
699 685
700 701
700 686
700 714
701 702
701 715
702 703
702 688
703 704
703 689
704 705
704 718
705 691
706 693
707 703
707 706
708 694
708 721
709 708
709 695
710 709
710 723
711 710
711 697
712 711
712 725
713 712
713 699
714 713
714 700
714 727
715 714
715 728
716 715
716 702
717 716
717 703
718 717
718 731
719 718
719 705
720 707
721 708
721 733
721 722
722 723
722 709
723 724
723 735
724 725
724 711
725 726
725 737
726 727
726 713
727 728
727 714
727 739
728 729
728 740
729 730
729 716
729 720
730 731
730 717
731 732
731 743
732 719
733 721
733 745
733 734
734 733
734 735
734 722
735 734
735 736
735 747
736 735
736 737
736 724
737 736
737 738
737 749
738 737
738 739
738 726
739 738
739 740
739 727
739 751
740 739
740 741
740 752
741 740
741 742
741 729
742 741
742 743
742 730
743 742
743 744
743 755
744 743
744 732
745 733
745 757
746 745
746 734
747 746
747 759
748 747
748 736
749 748
749 761
750 749
750 738
751 750
751 739
751 763
752 751
752 764
753 752
753 741
754 753
754 742
755 754
755 767
756 755
756 744
757 745
757 771
758 757
758 746
759 758
759 773
760 759
760 748
761 760
761 775
762 761
762 750
763 762
763 751
763 777
764 763
764 778
765 764
765 753
766 765
766 754
767 766
767 781
768 767
768 756
769 753
770 769
771 757
771 785
771 772
772 773
772 758
773 774
773 787
774 775
774 760
775 776
775 789
776 777
776 762
777 778
777 763
777 791
778 779
778 792
779 780
779 765
780 783
780 770
781 782
781 784
782 768
783 770
783 781
784 783
784 795
785 771
785 799
786 785
786 772
787 786
787 801
788 787
788 774
789 788
789 803
790 789
790 776
791 790
791 777
791 805
792 791
792 806
793 792
793 779
794 793
794 780
795 794
795 809
796 797
796 782
797 795
797 784
798 796
798 797
799 785
799 812
799 800
800 801
800 786
801 802
801 814
802 803
802 788
803 804
803 816
804 805
804 790
805 806
805 791
805 818
806 807
806 819
807 808
807 793
808 809
808 794
809 810
809 822
810 811
810 798
811 798
812 799
812 824
812 813
813 812
813 814
813 800
814 813
814 815
814 826
815 814
815 816
815 802
816 815
816 817
816 828
817 816
817 818
817 804
818 817
818 819
818 805
818 830
818 804
818 806
818 829
818 831
819 818
819 820
819 831
820 819
820 821
820 807
821 820
821 822
821 808
822 821
822 823
822 834
823 822
823 810
824 812
824 836
825 824
825 813
826 825
826 838
827 826
827 815
828 827
828 840
829 828
829 817
830 829
830 818
830 842
831 830
831 843
832 831
832 820
833 832
833 821
834 833
834 846
835 834
835 823
835 846
836 824
836 848
836 837
837 838
837 825
838 839
838 850
839 840
839 827
840 841
840 852
841 842
841 829
842 843
842 830
842 854
843 844
843 855
844 845
844 832
845 846
845 833
846 847
846 858
846 857
846 835
847 835
848 836
848 860
849 848
849 837
850 849
850 862
851 850
851 839
852 851
852 864
853 852
853 841
854 853
854 842
854 866
855 854
855 867
856 855
856 844
857 856
857 845
857 846
857 868
858 857
858 870
859 858
859 847
860 848
860 872
860 861
861 862
861 849
862 863
862 874
863 864
863 851
864 865
864 876
865 866
865 853
866 867
866 854
866 878
867 868
867 879
868 869
868 856
868 857
868 879
869 870
869 857
870 871
870 882
871 859
872 860
872 886
872 873
873 874
873 861
874 875
874 888
875 876
875 863
876 877
876 890
877 878
877 865
878 879
878 866
878 892
879 880
879 893
879 892
879 868
880 881
880 868
881 882
881 869
882 883
882 896
883 871
884 878
884 885
885 879
885 892
886 872
886 996
887 886
887 873
888 887
888 998
889 888
889 875
890 889
890 1000
891 890
891 877
892 891
892 885
892 878
892 1002
892 879
892 1001
893 892
893 1003
894 893
894 880
895 894
895 881
896 895
896 897
897 896
897 883
994 996
995 994
996 886
996 997
997 998
997 887
998 999
999 1000
999 889
1000 1001
1001 1002
1001 891
1001 892
1002 1003
1002 892
1003 1004
1004 1005
1005 1006
1006 1007
898 910
898 505
899 898
899 911
900 899
900 507
901 900
901 913
902 901
902 519
903 902
903 915
904 903
904 916
904 511
905 904
905 512
906 905
906 918
907 906
907 919
908 907
908 515
909 908
909 921
910 925
910 898
910 911
911 912
911 926
912 913
912 900
913 922
913 928
914 915
914 902
915 916
915 930
916 917
916 931
916 904
917 918
917 905
918 919
918 924
919 920
919 934
920 921
920 908
921 936
924 923
924 933
923 917
922 937
922 914
925 938
925 910
926 925
926 939
927 926
927 912
928 927
928 946
929 937
929 914
930 929
930 948
931 930
931 949
931 916
932 931
932 923
933 932
933 942
934 933
934 952
935 934
935 920
936 935
937 928
937 956
939 938
938 943
938 925
941 940
942 941
943 957
943 938
943 955
944 945
944 958
945 946
945 927
946 956
946 960
947 948
947 929
948 949
948 962
949 950
949 940
950 951
950 941
951 952
952 953
953 954
953 935
954 967
955 968
955 944
956 947
956 971
957 976
957 943
958 968
958 977
959 969
959 945
960 970
960 979
961 971
961 947
962 972
962 981
963 962
964 973
964 950
965 964
965 984
966 953
967 966
967 975
968 957
968 988
969 958
969 989
970 959
970 990
971 960
971 991
972 961
972 992
973 963
973 993
974 966
975 974
975 987
976 957
976 988
977 988
977 989
978 989
978 990
978 959
979 990
979 991
980 991
980 992
980 961
981 992
981 982
982 981
982 993
983 993
983 984
983 964
984 983
984 985
985 984
985 986
986 985
986 987
986 974
987 986
988 976
988 977
989 977
989 978
990 978
990 979
991 979
991 980
992 980
992 981
993 982
993 983
1008 1009
1008 1026
1009 1008
1009 1010
1010 1009
1010 1028
1010 1011
1011 1010
1011 1012
1012 1011
1012 1013
1013 1012
1013 1031
1013 1019
1019 1013
1019 1032
1019 1014
1014 1020
1014 1015
1020 1014
1020 1015
1020 1034
1020 1018
1015 1014
1015 1016
1015 1018
1018 1020
1018 1015
1018 1034
1018 1035
1018 1021
1016 1015
1016 1035
1016 1017
1021 1018
1021 1045
1021 1022
1021 1035
1035 1016
1035 1018
1035 1021
1035 1022
1035 1017
1017 1016
1017 1035
1022 1021
1022 1056
1022 1023
1023 1022
1023 1056
1023 1024
1024 1023
1024 1025
1025 1024
1025 1078
1025 1089
1026 1036
1027 1026
1027 1009
1028 1027
1028 1038
1029 1028
1029 1011
1030 1029
1030 1012
1031 1030
1031 1013
1031 1041
1032 1031
1032 1042
1033 1032
1033 1014
1034 1033
1034 1044
1036 1046
1036 1037
1037 1027
1037 1038
1038 1048
1038 1039
1039 1029
1039 1040
1040 1030
1040 1041
1041 1031
1041 1051
1041 1042
1042 1052
1042 1043
1043 1033
1043 1044
1044 1054
1044 1045
1045 1054
1045 1021
1045 1022
1046 1057
1047 1046
1047 1037
1048 1047
1048 1059
1049 1048
1049 1039
1050 1049
1050 1040
1051 1050
1051 1041
1051 1062
1052 1051
1052 1063
1053 1052
1053 1043
1054 1053
1054 1065
1054 1064
1054 1045
1055 1054
1055 1045
1056 1055
1056 1067
1057 1058
1057 1068
1058 1059
1058 1047
1059 1060
1059 1070
1060 1061
1060 1049
1061 1062
1061 1050
1062 1063
1062 1051
1062 1073
1063 1064
1063 1074
1064 1065
1064 1053
1064 1074
1064 1054
1065 1066
1065 1076
1066 1067
1066 1055
1067 1078
1067 1024
1068 1069
1068 1079
1069 1070
1069 1058
1070 1071
1070 1081
1071 1072
1071 1060
1072 1073
1072 1061
1073 1074
1073 1062
1074 1075
1074 1084
1074 1064
1075 1076
1075 1064
1076 1077
1076 1086
1077 1066
1078 1088
1079 1080
1079 1090
1080 1079
1080 1081
1080 1069
1081 1080
1081 1082
1081 1092
1082 1081
1082 1083
1082 1071
1083 1082
1083 1072
1084 1085
1084 1096
1085 1084
1085 1086
1085 1075
1086 1085
1086 1087
1086 1098
1087 1086
1087 1088
1087 1077
1088 1087
1088 1089
1088 1100
1089 1088
1089 1025
1089 1101
1090 1102
1091 1090
1091 1080
1092 1091
1092 1104
1093 1092
1093 1082
1094 1093
1094 1083
1094 1105
1095 1094
1095 1107
1096 1095
1096 1108
1097 1096
1097 1085
1098 1097
1098 1110
1099 1098
1099 1087
1100 1099
1100 1112
1101 1100
1101 1089
1101 1114
1102 1115
1103 1102
1103 1091
1104 1103
1104 1117
1105 1104
1105 1093
1105 1094
1105 1117
1106 1105
1106 1094
1107 1106
1107 1095
1107 1120
1108 1107
1108 1121
1109 1108
1109 1097
1110 1109
1110 1123
1111 1110
1111 1099
1112 1111
1112 1125
1113 1112
1114 1113
1114 1101
1114 1127
1115 1116
1115 1128
1116 1117
1116 1103
1117 1118
1117 1130
1117 1129
1117 1105
1118 1119
1118 1105
1119 1120
1119 1106
1120 1121
1120 1107
1120 1133
1121 1122
1121 1134
1122 1123
1122 1109
1123 1124
1123 1136
1124 1125
1124 1111
1125 1126
1125 1138
1126 1127
1126 1113
1127 1114
1127 1161
1128 1139
1129 1128
1129 1139
1129 1116
1129 1117
1130 1129
1130 1141
1131 1130
1131 1118
1132 1131
1132 1119
1133 1132
1133 1120
1133 1144
1134 1133
1134 1145
1135 1134
1135 1122
1136 1135
1136 1147
1137 1136
1137 1124
1138 1137
1138 1149
1139 1150
1139 1140
1139 1129
1140 1141
1140 1129
1141 1142
1141 1152
1142 1143
1142 1131
1143 1144
1143 1132
1144 1145
1144 1133
1144 1155
1145 1146
1145 1156
1146 1147
1146 1135
1147 1148
1147 1158
1148 1149
1148 1137
1149 1160
1150 1151
1150 1163
1151 1150
1151 1152
1151 1140
1152 1151
1152 1153
1152 1165
1153 1152
1153 1154
1153 1142
1154 1153
1154 1155
1154 1143
1155 1154
1155 1156
1155 1143
1155 1144
1155 1145
1155 1167
1155 1168
1155 1169
1156 1155
1156 1157
1156 1169
1157 1156
1157 1158
1157 1146
1158 1157
1158 1159
1158 1171
1159 1158
1159 1160
1159 1148
1160 1159
1160 1161
1160 1173
1161 1160
1161 1127
1161 1232
1162 1174
1163 1162
1163 1174
1164 1163
1164 1151
1165 1164
1165 1178
1166 1165
1166 1153
1167 1166
1167 1154
1168 1167
1168 1155
1168 1181
1169 1168
1169 1182
1170 1169
1170 1157
1171 1170
1171 1184
1172 1171
1172 1159
1173 1172
1173 1186
1174 1175
1174 1176
1175 1188
1176 1175
1176 1187
1177 1176
1177 1164
1178 1177
1178 1191
1179 1178
1179 1166
1180 1179
1180 1167
1181 1180
1181 1168
1181 1194
1182 1181
1182 1195
1183 1182
1183 1170
1184 1183
1184 1197
1185 1184
1185 1172
1186 1185
1186 1199
1187 1177
1187 1190
1188 1189
1188 1201
1189 1190
1189 1187
1190 1191
1190 1200
1191 1192
1191 1200
1192 1193
1192 1179
1193 1194
1193 1180
1194 1195
1194 1181
1194 1207
1195 1196
1195 1208
1196 1197
1196 1183
1197 1198
1197 1210
1198 1199
1198 1185
1199 1212
1200 1203
1200 1204
1201 1213
1202 1201
1202 1189
1203 1202
1203 1215
1204 1203
1204 1216
1205 1204
1205 1192
1206 1205
1206 1193
1207 1206
1207 1194
1207 1218
1208 1207
1208 1219
1209 1208
1209 1196
1210 1209
1210 1221
1211 1210
1211 1198
1212 1211
1212 1223
1213 1214
1213 1224
1214 1215
1214 1202
1215 1216
1215 1226
1216 1217
1216 1205
1216 1227
1217 1216
1217 1218
1217 1206
1218 1217
1218 1219
1218 1207
1219 1218
1219 1220
1220 1219
1220 1221
1220 1209
1220 1228
1221 1222
1221 1229
1222 1223
1222 1211
1223 1231
1224 1225
1224 1233
1225 1224
1225 1226
1225 1214
1226 1225
1226 1227
1226 1235
1227 1226
1227 1216
1227 1236
1228 1229
1228 1220
1228 1240
1229 1228
1229 1230
1229 1241
1230 1229
1230 1231
1230 1222
1231 1230
1231 1232
1231 1243
1232 1231
1232 1161
1232 1244
1233 1245
1234 1233
1234 1225
1235 1234
1235 1247
1236 1235
1236 1227
1236 1237
1236 1248
1237 1236
1237 1238
1238 1237
1238 1239
1238 1251
1239 1238
1239 1240
1239 1252
1240 1239
1240 1228
1241 1240
1241 1254
1242 1241
1242 1230
1243 1242
1243 1256
1244 1243
1244 1232
1244 1257
1245 1259
1246 1245
1246 1234
1247 1246
1247 1258
1248 1247
1248 1258
1249 1248
1249 1236
1250 1249
1250 1237
1251 1250
1251 1238
1251 1265
1252 1251
1252 1266
1253 1252
1253 1240
1254 1253
1254 1268
1255 1254
1255 1242
1256 1255
1256 1270
1257 1256
1257 1244
1257 1271
1258 1261
1258 1262
1259 1260
1259 1273
1260 1261
1260 1246
1261 1262
1261 1272
1262 1263
1262 1276
1263 1264
1263 1249
1264 1265
1264 1250
1265 1266
1265 1251
1265 1279
1266 1267
1266 1280
1267 1268
1267 1253
1268 1269
1268 1282
1269 1270
1269 1255
1270 1271
1270 1284
1271 1257
1271 1285
1272 1260
1272 1274
1273 1286
1274 1273
1274 1286
1275 1274
1275 1272
1276 1275
1276 1290
1277 1276
1277 1263
1278 1277
1278 1264
1279 1278
1279 1265
1279 1293
1280 1279
1280 1294
1281 1280
1281 1267
1282 1281
1282 1296
1283 1282
1283 1269
1284 1283
1284 1298
1285 1284
1285 1271
1285 1299
1286 1287
1286 1288
1287 1288
1288 1289
1288 1300
1289 1290
1289 1275
1290 1291
1290 1302
1291 1292
1291 1277
1292 1293
1292 1278
1293 1294
1293 1279
1293 1305
1294 1295
1294 1306
1295 1296
1295 1281
1296 1297
1296 1308
1297 1298
1297 1283
1298 1299
1298 1310
1299 1285
1299 1311
1300 1301
1300 1312
1301 1300
1301 1302
1301 1289
1302 1301
1302 1303
1302 1315
1303 1302
1303 1304
1303 1291
1304 1303
1304 1305
1304 1292
1305 1304
1305 1306
1305 1292
1305 1293
1305 1294
1305 1316
1305 1317
1305 1318
1306 1305
1306 1307
1306 1318
1307 1306
1307 1308
1307 1295
1308 1307
1308 1309
1308 1320
1309 1308
1309 1310
1309 1297
1310 1309
1310 1311
1310 1322
1311 1310
1311 1299
1311 1323
1312 1324
1312 1325
1313 1312
1313 1301
1314 1313
1314 1326
1315 1314
1315 1303
1316 1315
1316 1304
1317 1316
1317 1305
1317 1329
1318 1317
1318 1330
1319 1318
1319 1307
1320 1319
1320 1332
1321 1320
1321 1309
1322 1321
1322 1334
1323 1322
1323 1311
1323 1335
1324 1325
1324 1336
1325 1326
1325 1312
1325 1313
1325 1338
1326 1327
1326 1338
1327 1328
1327 1315
1328 1329
1328 1316
1329 1330
1329 1317
1329 1341
1330 1331
1330 1342
1331 1332
1331 1319
1332 1333
1332 1344
1333 1334
1333 1321
1334 1335
1334 1346
1335 1323
1335 1347
1336 1348
1337 1336
1337 1325
1338 1337
1338 1350
1338 1325
1338 1351
1339 1338
1339 1327
1340 1339
1340 1328
1341 1340
1341 1329
1341 1353
1342 1341
1342 1354
1343 1342
1343 1331
1344 1343
1344 1356
1345 1344
1345 1333
1346 1345
1346 1358
1347 1346
1347 1335
1347 1359
1348 1349
1348 1360
1349 1350
1349 1337
1350 1351
1350 1362
1351 1352
1351 1338
1351 1339
1351 1364
1352 1353
1352 1340
1353 1354
1353 1341
1353 1365
1354 1355
1354 1366
1355 1356
1355 1343
1356 1357
1356 1368
1357 1358
1357 1345
1358 1359
1358 1370
1359 1347
1359 1371
1360 1361
1360 1372
1361 1362
1361 1349
1362 1363
1362 1374
1363 1364
1363 1351
1364 1365
1364 1351
1364 1352
1364 1377
1365 1366
1365 1353
1365 1377
1366 1367
1366 1378
1367 1368
1367 1355
1368 1369
1368 1380
1369 1370
1369 1357
1370 1371
1370 1382
1371 1359
1371 1383
1372 1373
1372 1384
1373 1372
1373 1374
1373 1361
1374 1373
1374 1375
1374 1386
1375 1374
1375 1376
1375 1363
1376 1375
1376 1377
1376 1364
1377 1376
1377 1378
1377 1364
1377 1365
1377 1389
1377 1390
1378 1377
1378 1379
1378 1390
1379 1378
1379 1380
1379 1367
1380 1379
1380 1381
1380 1392
1381 1380
1381 1382
1381 1369
1382 1381
1382 1383
1382 1393
1383 1382
1383 1371
1383 1394
1384 1395
1384 1396
1385 1384
1385 1373
1386 1385
1386 1397
1387 1386
1387 1375
1388 1387
1388 1376
1389 1388
1389 1377
1389 1400
1390 1389
1390 1401
1390 1377
1390 1402
1391 1390
1391 1379
1392 1391
1392 1403
1393 1394
1393 1382
1393 1405
1394 1383
1394 1406
1395 1396
1395 1408
1396 1397
1396 1385
1396 1384
1396 1410
1397 1398
1397 1410
1398 1399
1398 1387
1399 1400
1399 1388
1400 1401
1400 1389
1400 1413
1401 1402
1401 1414
1402 1403
1402 1391
1402 1390
1402 1416
1403 1404
1403 1416
1404 1405
1405 1406
1405 1393
1405 1418
1406 1394
1406 1419
1407 1420
1408 1407
1408 1420
1409 1408
1409 1396
1410 1409
1410 1396
1410 1424
1410 1425
1411 1410
1411 1398
1412 1411
1412 1399
1413 1412
1413 1400
1413 1427
1414 1413
1414 1428
1415 1414
1415 1402
1416 1415
1416 1402
1416 1430
1416 1431
1417 1416
1417 1404
1418 1417
1418 1421
1419 1418
1419 1421
1419 1406
1420 1422
1421 1419
1421 1432
1422 1423
1422 1433
1423 1424
1423 1409
1424 1425
1424 1437
1425 1426
1425 1410
1425 1411
1425 1439
1426 1427
1426 1412
1427 1428
1427 1413
1427 1440
1428 1429
1428 1441
1429 1430
1429 1415
1430 1431
1430 1443
1431 1432
1431 1416
1431 1417
1431 1435
1432 1421
1432 1435
1433 1436
1434 1431
1434 1435
1434 1444
1435 1431
1435 1432
1435 1434
1436 1445
1437 1436
1437 1445
1438 1437
1438 1425
1439 1438
1439 1425
1439 1426
1440 1439
1440 1427
1441 1440
1442 1441
1442 1429
1443 1442
1443 1446
1444 1443
1444 1434
1447 1008
1448 1447
1448 1459
1009 1448
1449 1448
1449 1010
1450 1449
1450 1461
1011 1450
1451 1450
1451 1462
1012 1451
1452 1451
1452 1013
1452 1463
1013 1452
1453 1452
1453 1019
1454 1453
1454 1465
1014 1454
1455 1456
1455 1467
1015 1455
1456 1455
1456 1457
1456 1468
1456 1016
1016 1456
1457 1456
1457 1017
1457 1469
1017 1457
1458 1459
1458 1447
1459 1460
1459 1471
1460 1461
1460 1449
1461 1462
1461 1473
1462 1463
1462 1474
1463 1464
1463 1452
1463 1475
1464 1465
1464 1453
1465 1466
1465 1477
1466 1467
1467 1468
1467 1479
1468 1469
1468 1456
1468 1480
1469 1457
1469 1481
1470 1458
1471 1470
1471 1483
1472 1471
1472 1460
1473 1472
1473 1485
1474 1473
1474 1486
1475 1474
1475 1463
1475 1487
1476 1475
1476 1464
1477 1476
1477 1489
1478 1477
1478 1466
1479 1478
1479 1491
1480 1479
1480 1468
1480 1492
1481 1480
1481 1469
1481 1493
1482 1483
1482 1470
1483 1484
1483 1495
1484 1485
1484 1472
1485 1486
1485 1497
1486 1487
1486 1498
1487 1488
1487 1475
1487 1499
1488 1489
1488 1476
1489 1490
1489 1501
1490 1491
1490 1478
1491 1492
1491 1503
1492 1493
1492 1480
1492 1504
1493 1481
1493 1505
1494 1482
1495 1494
1495 1507
1496 1495
1496 1484
1497 1496
1497 1509
1498 1497
1498 1510
1499 1498
1499 1487
1499 1511
1500 1499
1500 1488
1501 1500
1501 1513
1502 1501
1502 1490
1503 1502
1503 1515
1504 1503
1504 1492
1504 1516
1505 1504
1505 1493
1505 1517
1506 1507
1506 1494
1507 1506
1507 1508
1508 1507
1508 1509
1508 1496
1509 1508
1509 1510
1510 1509
1510 1511
1511 1510
1511 1512
1511 1499
1512 1511
1512 1513
1512 1500
1513 1512
1513 1514
1514 1513
1514 1515
1514 1502
1515 1514
1515 1516
1516 1515
1516 1517
1516 1504
1517 1516
1517 1505
516 0
0 516
530 16
32 543
557 48
64 570
80 582
593 380
380 593
605 103
617 116
131 629
641 146
161 653
665 406
406 665
678 190
691 203
216 705
719 231
246 732
744 259
259 744
756 272
768 285
300 782
796 315
330 811
823 441
441 823
835 442
456 847
859 472
1008 359
359 1008
1026 360
361 1036
1046 362
363 1057
364 1068
1079 381
381 1079
1090 365
1102 366
367 1115
1128 368
369 1139
1150 424
424 1150
1162 370
1175 371
372 1188
1201 373
374 1213
1224 383
383 1224
1233 375
1245 376
377 1259
1273 378
379 1287
1300 423
423 1300
1312 455
471 1324
1336 487
559 546
679 678
692 679
693 692
878 884
951 965
886 994
997 995
382 478