-34.9331548219556 -57.9798996684273 8 11  
-34.9340417759374 -57.9788084452702 8 120  
-34.9348067644704 -57.9777463445102 8 121  
-34.9355199686609 -57.9767517331387 8 122  
-34.9361776961647 -57.9758717898636 8 123  
-34.9367686573790 -57.9750621810823 8 125  
-34.9373196018932 -57.9743531765667 8 128  
-34.9378377610683 -57.9736818676569 8 12  
-34.9382538838266 -57.9730844055976 8 13  
-34.9387671344439 -57.9723966050745 8 16  
-34.9392272278488 -57.9717750031359 8 156  
-34.9397500306494 -57.9710437561744 8 157  
-34.9403453374736 -57.9702214246310 8 158  
-34.9409713999642 -57.9694025471949 8 159  
-34.9417042497171 -57.9684210624650 8 161  
-34.9424879439849 -57.9673735597479 8 162  
-34.9322157746406 -57.9788655681290 103 11  
-34.9330814828760 -57.9777112824979 103 120  
-34.9338929019224 -57.9766704337563 103 121  
-34.9345782056656 -57.9756997324512 103 122  
-34.9352320437900 -57.9748293855699 103 123  
-34.9358550662523 -57.9740337510155 103 125  
-34.9363613275583 -57.9733142943155 103 128  
-34.9368806062770 -57.9726244022932 103 12  
-34.9373295340692 -57.9720127959505 103 13  
-34.9377451096417 -57.9714548965563 103 16  
-34.9382860143782 -57.9707253358138 103 156  
-34.9388211693184 -57.9700160603744 103 157  
-34.9394218831586 -57.9692179207389 103 158  
-34.9400479573796 -57.9683422417064 103 159  
-34.9407779985099 -57.9673898591435 103 161  
-34.9415686046122 -57.9663572896151 103 162  
-34.9312982448726 -57.9778488658729 101 11  
-34.9321806025480 -57.9766903903817 101 120  
-34.9329623652404 -57.9756449216086 101 121  
-34.9336623293005 -57.9746833272697 101 122  
-34.9343220867715 -57.9738325238908 101 123  
-34.9348876110193 -57.9730506505869 101 125  
-34.9354486126942 -57.9723023876021 101 128  
-34.9359404713218 -57.9716394394988 101 12  
-34.9363832014730 -57.9710271087582 101 13  
-34.9368941795377 -57.9703674932730 101 16  
-34.9373531841965 -57.9697091456281 101 156  
-34.9379006160789 -57.9690062716658 101 157  
-34.9384771741663 -57.9682034404993 101 158  
-34.9391381649517 -57.9673237185300 101 159  
-34.9398620721252 -57.9663736322680 101 161  
-34.9406350800864 -57.9653189368287 101 162  
-34.9303815776498 -57.9768418364728 100 11  
-34.9312659933480 -57.9756832308575 100 120  
-34.9320295409276 -57.9746615773982 100 121  
-34.9327377770158 -57.9736853102591 100 122  
-34.9333863008658 -57.9728094047699 100 123  
-34.9339782987704 -57.9720174634918 100 125  
-34.9345113400086 -57.9712880271176 100 128  
-34.9350202967853 -57.9706162422812 100 12  
-34.9354903346841 -57.9699943891717 100 13  
-34.9358971588452 -57.9694455088521 100 16  
-34.9364468650186 -57.9687047712312 100 156  
-34.9369636999506 -57.9679968909873 100 157  
-34.9375566913283 -57.9671916445490 100 158  
-34.9382218331901 -57.9663034845145 100 159  
-34.9389239380203 -57.9653756311047 100 161  
-34.9397025020248 -57.9643214768811 100 162  
-34.9294593912975 -57.9758436098043 99 11  
-34.9303473030394 -57.9746531068716 99 120  
-34.9311095403115 -57.9736394802689 99 121  
-34.9318011754900 -57.9726780939885 99 122  
-34.9324712336135 -57.9717812585651 99 123  
-34.9330836566531 -57.9710078705429 99 125  
-34.9336045010820 -57.9702820182513 99 128  
-34.9341089099185 -57.9695768995151 99 12  
-34.9345529844593 -57.9689723277151 99 13  
-34.9350264056242 -57.9683637496757 99 16  
-34.9355229820045 -57.9676911281061 99 156  
-34.9360514569710 -57.9669852698879 99 157  
-34.9366410136762 -57.9661858600758 99 158  
-34.9372922474884 -57.9653071939648 99 159  
-34.9380197778061 -57.9643545523541 99 161  
-34.9387826314117 -57.9633178883080 99 162  
-34.9285299352088 -57.9748167993772 98 11  
-34.9293865881585 -57.9736465480206 98 120 263 
-34.9301824263223 -57.9726244820851 98 121  
-34.9308991839921 -57.9716558836894 98 122  
-34.9315400790935 -57.9707703146719 98 123  
-34.9321331529399 -57.9699742482493 98 125  
-34.9326525357276 -57.9692069048774 98 128  
-34.9345987662983 -57.9666627173628 98 156  
-34.9351274578143 -57.9659597540083 98 157  
-34.9357172061049 -57.9651717396943 98 158  
-34.9363737005009 -57.9643022928294 98 159  
-34.9370796610967 -57.9633304570171 98 161  
-34.9378771965324 -57.9622927661320 98 162 261 
-34.9284463202667 -57.9726062815757 7 120  
-34.9292016413682 -57.9715688323120 7 121  
-34.9299308229118 -57.9706007727139 7 122  
-34.9305742807186 -57.9697269281758 7 123  
-34.9311646753774 -57.9689379721434 7 125  
-34.9341634621445 -57.9649147169311 7 157  
-34.9347507197923 -57.9641248110744 7 158  
-34.9354220253562 -57.9632496394286 7 159  
-34.9361155623965 -57.9622710259246 7 161  
-34.9368779718855 -57.9612684458112 7 162  
-34.9266110631562 -57.9727154805199 96 11  
-34.9274710415725 -57.9715504015210 96 120 262 
-34.9282560920332 -57.9704852884506 96 121  
-34.9289851892710 -57.9695312301237 96 122  
-34.9296179032396 -57.9686648930163 96 123  
-34.9302260769562 -57.9678642217823 96 125  
-34.9307639152831 -57.9671470406243 96 128  
-34.9326878428486 -57.9645749962049 96 156  
-34.9331888162885 -57.9638512389151 96 157  
-34.9337955218433 -57.9630541282686 96 158  
-34.9344281956246 -57.9621701296767 96 159  
-34.9351659156201 -57.9612263905095 96 161  
-34.9359470735201 -57.9601860283729 96 162 260 
-34.9256783430884 -57.9716853943458 94 11  
-34.9265711853947 -57.9705122472423 94 120  
-34.9273225906535 -57.9694909132354 94 121  
-34.9280340418409 -57.9685423709613 94 122  
-34.9287080665131 -57.9676486061394 94 123  
-34.9292828841554 -57.9668567624458 94 125  
-34.9298105328766 -57.9661393804856 94 128  
-34.9303939872351 -57.9654417585362 94 12  
-34.9312630005424 -57.9643161653122 94 16  
-34.9317316933770 -57.9635631684433 94 156  
-34.9322918281521 -57.9628386087366 94 157  
-34.9328659916288 -57.9620354174119 94 158  
-34.9335113349605 -57.9611706444184 94 159  
-34.9342332201277 -57.9602170399689 94 161  
-34.9350005284770 -57.9591798890439 94 162  
-34.9247583152669 -57.9706759702914 93 11  
-34.9256299237812 -57.9695230633570 93 120  
-34.9263761668203 -57.9684578289331 93 121  
-34.9271180407604 -57.9675014838097 93 122  
-34.9277750028566 -57.9666248700587 93 123  
-34.9283495079107 -57.9658254252857 93 125  
-34.9288926273933 -57.9651074848473 93 128  
-34.9294004021611 -57.9644443549921 93 12  
-34.9303192554657 -57.9632216126660 93 16  
-34.9308083901210 -57.9625387419773 93 156  
-34.9313381594889 -57.9618310629024 93 157  
-34.9319473488443 -57.9610338483507 93 158  
-34.9326075565287 -57.9601486862485 93 159  
-34.9333043942356 -57.9591833176201 93 161  
-34.9340993178154 -57.9581532889466 93 162  
-34.9238453181013 -57.9696633806279 92 11  
-34.9247370256115 -57.9685013836804 92 120  
-34.9254890953468 -57.9674771086571 92 121  
-34.9262012143947 -57.9664975276523 92 122  
-34.9268648265795 -57.9656195902564 92 123  
-34.9274419982842 -57.9648240268914 92 125  
-34.9279918836445 -57.9641260603259 92 128  
-34.9284763609725 -57.9634411040717 92 12  
-34.9293861859130 -57.9622077859930 92 16  
-34.9299152510911 -57.9615286270568 92 156  
-34.9304486598097 -57.9608215406213 92 157  
-34.9310243102435 -57.9600289182162 92 158  
-34.9316922406639 -57.9591376745723 92 159  
-34.9323841079008 -57.9581845388797 92 161  
-34.9331619348428 -57.9571483742957 92 162  
-34.9229385347321 -57.9686720322420 91 11  
-34.9237993061979 -57.9674589500427 91 120  
-34.9245710726384 -57.9664584067174 91 121  
-34.9252665310414 -57.9654990845991 91 122  
-34.9259361753808 -57.9646197252642 91 123  
-34.9265114035605 -57.9638198656992 91 125  
-34.9270429381292 -57.9630865359201 91 128  
-34.9275656340201 -57.9624275201960 91 12  
-34.9284736624677 -57.9612050398408 91 16  
-34.9289766060767 -57.9605045114086 91 156  
-34.9295160737460 -57.9597980756902 91 157  
-34.9301021639417 -57.9589849208000 91 158  
-34.9307572009124 -57.9581099708841 91 159  
-34.9314624359634 -57.9571645978574 91 161  
-34.9322560875244 -57.9561228996463 91 162  
-34.9228164426139 -57.9664193069002 6 120  
-34.9235859658918 -57.9653880400250 6 121  
-34.9243098647454 -57.9644404013971 6 122  
-34.9249723186025 -57.9635467766512 6 123  
-34.9255326309035 -57.9627402983214 6 125  
-34.9260738635274 -57.9620346056289 6 128  
-34.9265981853049 -57.9613692125929 6 12  
-34.9274941638884 -57.9601277640756 6 16  
-34.9280171333580 -57.9594504042916 6 156  
-34.9285482766058 -57.9587439450352 6 157  
-34.9291311615859 -57.9579405439131 6 158  
-34.9297899910845 -57.9570643777605 6 159  
-34.9305044542098 -57.9561357941838 6 161  
-34.9312996365915 -57.9550626805150 6 162  
-34.9209967603209 -57.9665319365401 87 11  
-34.9226272809513 -57.9643640411754 87 121  
-34.9233904041508 -57.9633689416352 87 122  
-34.9240105739759 -57.9624918592849 87 123  
-34.9246263407946 -57.9616898787862 87 125  
-34.9251321457977 -57.9609844578132 87 128  
-34.9256335494160 -57.9603192699786 87 12  
-34.9265373876738 -57.9590908182531 87 16  
-34.9270585745556 -57.9584095371627 87 156  
-34.9276193415464 -57.9576880229369 87 157  
-34.9281779056416 -57.9568833602330 87 158  
-34.9288356330626 -57.9560377167401 87 159  
-34.9295341410865 -57.9550584368970 87 161  
-34.9200782752619 -57.9655522021601 86 11  
-34.9209331357422 -57.9643593607953 86 120  
-34.9224592513705 -57.9623524183815 86 122  
-34.9231234997059 -57.9614764611922 86 123  
-34.9236971129410 -57.9606871692783 86 125  
-34.9242044455280 -57.9599800137603 86 128  
-34.9247315758294 -57.9593146988109 86 12  
-34.9256136690764 -57.9580717614746 86 16  
-34.9261259470147 -57.9573819968996 86 156  
-34.9266156030816 -57.9566631987997 86 157  
-34.9272280765415 -57.9558861632816 86 158  
-34.9279006694052 -57.9549974435920 86 159  
-34.9293950937566 -57.9530257535138 86 162  
-34.9191434764749 -57.9645111421581 84 11  
-34.9200070331515 -57.9633465748042 84 120  
-34.9207833994601 -57.9623352530456 84 121  
-34.9214891775481 -57.9613377757851 84 122  
-34.9221745063188 -57.9604440250560 84 123  
-34.9227833175529 -57.9596928477877 84 125  
-34.9232841696026 -57.9589754968768 84 128  
-34.9237951812422 -57.9583040788288 84 12  
-34.9246691678048 -57.9570471614758 84 16  
-34.9251874802578 -57.9563803904720 84 156  
-34.9256317222955 -57.9556387739680 84 157  
-34.9262398487460 -57.9548778522651 84 158  
-34.9269328115123 -57.9540126199143 84 159  
-34.9277003236485 -57.9530253358397 84 161  
-34.9284739088187 -57.9519803826518 84 162  
-34.9182400873581 -57.9635058068307 82 11  
-34.9190883402296 -57.9623436059639 82 120  
-34.9198571802896 -57.9613029057281 82 121  
-34.9205878688164 -57.9603313403053 82 122  
-34.9212404766293 -57.9594630360158 82 123  
-34.9218443836782 -57.9586493838516 82 125  
-34.9223460862302 -57.9579574936837 82 128  
-34.9228347708756 -57.9572893708914 82 12  
-34.9237537320732 -57.9560547023101 82 16  
-34.9242657103942 -57.9553791947897 82 156  
-34.9247743545854 -57.9546764736435 82 157  
-34.9253095340579 -57.9538420899508 82 158  
-34.9260371930498 -57.9529797495346 82 159  
-34.9267649557968 -57.9520217820843 82 161  
-34.9275513429735 -57.9509750398885 82 162  
-34.9173065745527 -57.9624818941185 74 11  
-34.9181786715334 -57.9613209908356 74 120  
-34.9189913180495 -57.9602918565034 74 121  
-34.9196835861283 -57.9593161117362 74 122  
-34.9203207800686 -57.9584332662718 74 123  
-34.9208985802946 -57.9576366623657 74 125  
-34.9218355636406 -57.9562181819371 74 12  
-34.9227946973383 -57.9548865632661 74 16  
-34.9238236035087 -57.9536360185143 74 157  
-34.9244632959295 -57.9527567981861 74 158  
-34.9251134900866 -57.9518977347307 74 159  
-34.9257617764986 -57.9510274162299 74 161  
-34.9266376191590 -57.9499661433880 74 162  
-34.9163348505650 -57.9614447927292 3 11  
-34.9172213751179 -57.9602812171722 3 120  
-34.9179866665498 -57.9592165310628 3 121  
-34.9186723979946 -57.9582555823467 3 122  
-34.9193335921228 -57.9573967619791 3 123  
-34.9199556884535 -57.9566116534068 3 125  
-34.9204664515696 -57.9558642020412 3 128  
-34.9223503862078 -57.9533213102987 3 156  
-34.9228337368966 -57.9525907910236 3 157  
-34.9235717172222 -57.9518018390944 3 158  
-34.9242012101847 -57.9509521463231 3 159  
-34.9248631875822 -57.9499552856594 3 161  
-34.9256506376206 -57.9489144164820 3 162  
-34.9153727403007 -57.9603714857771 45 11  
-34.9162510883738 -57.9592113020937 45 120  
-34.9170076199937 -57.9581834902661 45 121  
-34.9177461539108 -57.9572046645714 45 122  
-34.9183989298906 -57.9563321692271 45 123  
-34.9189917309765 -57.9555126836971 45 125  
-34.9200097241957 -57.9542010895611 45 12  
-34.9209301648232 -57.9530059701764 45 16  
-34.9218864533638 -57.9515336178050 45 157  
-34.9225977075717 -57.9507400190414 45 158  
-34.9232566543631 -57.9498685704413 45 159  
-34.9239329356361 -57.9488925796569 45 161  
-34.9247220671987 -57.9478657995466 45 162  
-34.9144536235975 -57.9593714079448 38 11  
-34.9153092645725 -57.9582018745632 38 120  
-34.9160922816499 -57.9571558526991 38 121  
-34.9168143984495 -57.9561923278025 38 122  
-34.9173694703204 -57.9553278605321 38 123  
-34.9180469226479 -57.9545315771317 38 125  
-34.9185601940373 -57.9538118453493 38 128  
-34.9191259949477 -57.9530794582840 38 12  
-34.9199973162159 -57.9519181325909 38 16  
-34.9204932262904 -57.9512482693767 38 156  
-34.9209997929382 -57.9505502583935 38 157  
-34.9216618587386 -57.9497396882987 38 158  
-34.9223384564048 -57.9488675196250 38 159  
-34.9229997351986 -57.9478884169687 38 161  
-34.9238001877404 -57.9468431973457 38 162  
-34.9135340646816 -57.9583617823872 37 11  
-34.9143754096982 -57.9571850291481 37 120  
-34.9151205871484 -57.9561694380947 37 121  
-34.9158855964367 -57.9551931877865 37 122  
-34.9164449305542 -57.9543154424892 37 123  
-34.9171380267403 -57.9535288849655 37 125  
-34.9176425348408 -57.9528029206345 37 128  
-34.9182181946309 -57.9520694852638 37 12  
-34.9190721781854 -57.9508942375037 37 16  
-34.9195662816113 -57.9501992254003 37 156  
-34.9200734758771 -57.9495460257679 37 157  
-34.9207193986562 -57.9486971304787 37 158  
-34.9213886731506 -57.9478475880976 37 159  
-34.9220930711198 -57.9468912601962 37 161  
-34.9228577114165 -57.9458325181847 37 162  
-34.9126167906968 -57.9573612289220 227 11  
-34.9134589733941 -57.9561742239769 227 120  
-34.9142236034053 -57.9551236487679 227 121 253 
-34.9149349941970 -57.9541797191774 227 122  
-34.9156285493914 -57.9533081921173 227 123  
-34.9162295315910 -57.9524815346062 227 125  
-34.9167403689432 -57.9518165237122 227 128  
-34.9173028863742 -57.9510416533869 227 12  
-34.9181466778948 -57.9498865610629 227 16  
-34.9186860864067 -57.9491958823612 227 156  
-34.9192025891506 -57.9484913527297 227 157  
-34.9198118204899 -57.9476635367222 227 158  
-34.9204303193355 -57.9467912413459 227 159  
-34.9210650198215 -57.9458673303152 227 161 252 
-34.9218019908814 -57.9448069145590 227 162  
-34.9116750581479 -57.9563678362794 197 11  
-34.9125005171985 -57.9551940259303 197 120 253 
-34.9132873759916 -57.9541391377608 197 121  
-34.9140260450724 -57.9531892838701 197 122  
-34.9147188745949 -57.9523175571515 197 123  
-34.9152736816401 -57.9514912119723 197 125  
-34.9158268262800 -57.9507599244566 197 128  
-34.9163619082745 -57.9500324507575 197 12  
-34.9172354052324 -57.9488611469497 197 16  
-34.9177022650986 -57.9482108433352 197 156  
-34.9182327186420 -57.9475064583491 197 157  
-34.9188805843470 -57.9466493573051 197 158  
-34.9195048369921 -57.9458023860529 197 159  
-34.9202186901352 -57.9448361645516 197 161  
-34.9209527730247 -57.9437924670193 197 162 252 
-34.9115895314888 -57.9540872686129 19 120  
-34.9123816025007 -57.9530476141454 19 121  
-34.9130683798970 -57.9521209934930 19 122  
-34.9136994849360 -57.9512063473663 19 123  
-34.9142871905466 -57.9503748950107 19 125  
-34.9148319608472 -57.9497155603223 19 128  
-34.9153705842246 -57.9490258756395 19 12  
-34.9162500654623 -57.9478316380951 19 16  
-34.9166617612416 -57.9471035418696 19 156  
-34.9172162446386 -57.9463897335748 19 157  
-34.9178536288600 -57.9455594180617 19 158  
-34.9184712431743 -57.9447190696049 19 159  
-34.9192587237225 -57.9437878977122 19 161  
-34.9200346560162 -57.9427385363168 19 162  
-34.9433722975991 -57.9661946104288 17 8  
-34.9424183023167 -57.9651703089641 17 103  
-34.9414916415996 -57.9641614326086 17 101  
-34.9405694813797 -57.9631389445094 17 100  
-34.9396424244254 -57.9621214762021 17 99  
-34.9387380733033 -57.9611104728926 17 98  
-34.9368146109760 -57.9590204244495 17 96  
-34.9358745827037 -57.9579919043775 17 94  
-34.9349521977760 -57.9569766060799 17 93  
-34.9340284253234 -57.9559762367817 17 92  
-34.9331079643988 -57.9549546553698 17 91  
-34.9311785928482 -57.9528499218953 17 87  
-34.9302599077522 -57.9518320880887 17 86  
-34.9293355659719 -57.9508299588657 17 84  
-34.9283966230115 -57.9498075719193 17 82  
-34.9274789680701 -57.9487918894916 17 74  
-34.9265993281672 -57.9477409706592 17 45  
-34.9246305542995 -57.9456713251857 17 38  
-34.9237260675436 -57.9446525662026 17 37  
-34.9227976814260 -57.9436297884463 17 227  
-34.9218714607995 -57.9426290174069 17 197  
-34.9276124730941 -57.9737756346221 7 11 263 262
-34.9378178357511 -57.9601246179883 17 7 260 261
-34.9116125350875 -57.9449439540674 102 128  
-34.9265852982067 -57.9477610582558 17 3  
-34.9317152090055 -57.9681540600800 255 7 128 
-34.9304296748601 -57.9680898520630 255 125  
-34.9300584177139 -57.9680966107951 255 96  
-34.9290443784396 -57.9679986090669 255 123  
-34.9284292993306 -57.9679884709576 255 94  
-34.9274512586390 -57.9678837104883 255 122  
-34.9268250848218 -57.9678735723744 255 93  
-34.9257971519581 -57.9677992262369 255 121  
-34.9252840023334 -57.9677591780100 255 92  
-34.9239845134745 -57.9676679350084 255 120  
-34.9236620884603 -57.9676452063233 255 91  
-34.9336388584491 -57.9656156747447 254 7 156 
-34.9334176600444 -57.9641033486917 254 157  
-34.9333626869425 -57.9636098222303 254 96  
-34.9331956728522 -57.9623961090774 254 158  
-34.9330989199056 -57.9617201924015 254 94  
-34.9329449945297 -57.9605641603160 254 159  
-34.9328548381074 -57.9598292350399 254 93  
-34.9326723260183 -57.9584934949579 254 161  
-34.9326217503030 -57.9578712224621 254 92  
-34.9324128502941 -57.9562967657750 254 162  
-34.9323798660343 -57.9559856295340 254 91  
-34.9220289444600 -57.9675759479052 252 11 6 255
-34.9218601954569 -57.9653408556599 252 87 120 
-34.9217481022008 -57.9633281794654 252 86 121 
-34.9216858281016 -57.9615813284202 252 122  
-34.9216712974723 -57.9610749947841 252 84  
-34.9216545916379 -57.9599480222587 252 123  
-34.9215943706019 -57.9589932238530 252 82  
-34.9215739410096 -57.9583874550549 252 125  
-34.9214187719970 -57.9569214499049 252 74 128 
-34.9213360548527 -57.9522094774563 252 45 156 
-34.9212558096963 -57.9508610507863 252 157  
-34.9212409647622 -57.9501757463847 252 38  
-34.9212010728996 -57.9492674607717 252 158  
-34.9211826477929 -57.9480639825098 252 37  
-34.9211921886486 -57.9476943145104 252 159  
-34.9155393711851 -57.9414142784188 258 159 257 
-34.9093584250262 -57.9480724396444 102 122  
-34.9209311100939 -57.9416051659490 252 17 19 257
-34.9321427925058 -57.9539754282042 253 6 17 254
-34.9302575416934 -57.9540087209463 253 87 162 
-34.9286363451153 -57.9541120898960 253 86 161 
-34.9271837070043 -57.9541993995663 253 159  
-34.9267036026025 -57.9542490757576 253 84  
-34.9256989534515 -57.9542987519488 253 158  
-34.9249436071693 -57.9543454174612 253 82  
-34.9244597869426 -57.9543740189037 253 157  
-34.9232761432938 -57.9543679975494 253 74 156 
-34.9194767645947 -57.9547896760666 253 45 128 
-34.9182035114891 -57.9547982739510 253 125  
-34.9177134164276 -57.9548445108841 253 38  
-34.9169690211552 -57.9548930032782 253 123  
-34.9160729637341 -57.9549347292908 253 37  
-34.9156864261402 -57.9549764553040 253 122  
-34.9099909333471 -57.9487517265912 256 259 122 
-34.9148057656916 -57.9406527871912 102 159  
-34.9107151773954 -57.9552842653252 253 11 19 256
-34.9097315321445 -57.9542417714831 163 11  
-34.9105879943815 -57.9530702186671 163 120 256 
-34.9114574610516 -57.9520355187859 163 121  
-34.9121044297947 -57.9510875257389 163 122  
-34.9127536412196 -57.9501744232023 163 123  
-34.9132800206320 -57.9494392926676 163 125  
-34.9143288331174 -57.9479744284133 163 12  
-34.9152635110273 -57.9467848549501 163 16  
-34.9163120091016 -57.9453798374890 163 157  
-34.9169375601941 -57.9445917519779 163 158  
-34.9176014800835 -57.9436881952216 163 159  
-34.9182984907423 -57.9427521952079 163 161  
-34.9190738483183 -57.9416580037430 163 162 257 
-34.9198996613282 -57.9405979677299 163 17  
-34.9088263072769 -57.9531879663757 127 11  
-34.9097118097295 -57.9520274884533 127 120  
-34.9104684607256 -57.9510082243833 127 121  
-34.9111690338640 -57.9500665607654 127 122  
-34.9118458773584 -57.9491608718060 127 123  
-34.9124037241550 -57.9483687673563 127 125  
-34.9129303837616 -57.9476367937043 127 128  
-34.9134686856817 -57.9469769048944 127 12  
-34.9143863102543 -57.9457336765076 127 16  
-34.9148680690430 -57.9450849823915 127 156  
-34.9154231381474 -57.9443440480154 127 157  
-34.9160068063192 -57.9435611904720 127 158  
-34.9166658249292 -57.9426642802232 127 159  
-34.9173790774476 -57.9417348912441 127 161  
-34.9181544812520 -57.9406566250001 127 162  
-34.9190044299712 -57.9395033462728 127 17  
-34.9079176916450 -57.9521835451174 111 11  
-34.9087689528556 -57.9510193998358 111 120  
-34.9095367898801 -57.9500095055058 111 121  
-34.9102502592090 -57.9490298955798 111 122  
-34.9109085892667 -57.9481714874346 111 123  
-34.9115166950188 -57.9473731871883 111 125  
-34.9120170788238 -57.9466632403231 111 128  
-34.9125378354775 -57.9459394031244 111 12  
-34.9134343489442 -57.9447264682025 111 16  
-34.9139581067966 -57.9440633673665 111 156  
-34.9144868819919 -57.9433328920067 111 157  
-34.9150710235716 -57.9425378591241 111 158  
-34.9157464279783 -57.9416958493565 111 159  
-34.9164460792553 -57.9406887753719 111 161  
-34.9172147357216 -57.9396324760962 111 162  
-34.9180764480946 -57.9384903635755 111 17  
-34.9102963775684 -57.9512289344794 256 127  
-34.9102730742168 -57.9508133500236 256 121  
-34.9100834348072 -57.9492408268519 256 111  
-34.9104373376773 -57.9487860307989 259 111  
-34.9113938472600 -57.9487006834207 259 123  
-34.9121854865988 -57.9486912003788 259 127  
-34.9125851915715 -57.9486456817780 259 125  
-34.9138247312071 -57.9485830937031 259 128 163 
-34.9158160282470 -57.9460908089729 258 163 156 
-34.9156941431972 -57.9446131735786 258 157  
-34.9156732188731 -57.9440151044578 258 127  
-34.9156266432569 -57.9431021626557 258 158  
-34.9155797665721 -57.9419149457024 258 111  
-34.9159363512944 -57.9414238457769 257 111  
-34.9171387809717 -57.9414843869179 257 161  
-34.9175599572550 -57.9414937746503 257 127
-34.922910676214535 -57.99325756718481 9 252  
-34.923178398648815 -57.99324353917314 8 252  
-34.923875421967075 -57.99235685801221 8 104  
-34.92472031986188 -57.991249502895876 8 105  
-34.925546153311075 -57.990117852707485 8 106  
-34.92636786180713 -57.988879139754296 8 107  
-34.927201149385475 -57.98783171724591 8 108  
-34.928105400351036 -57.98675335631767 8 10  
-34.92896306329253 -57.98557858670307 8 110  
-34.929798204219715 -57.984467495186436 8 113  
-34.93063644118834 -57.98334909388024 8 114  
-34.93147825656747 -57.98220722172419 8 115  
-34.932300721890165 -57.9810851753111 8 117  
-34.923995216813594 -57.99034057557832 32 105  
-34.92509344112383 -57.98961805508517 32 106  
-34.92612164192211 -57.9886697174166 32 107  
-34.92211312068294 -57.992480502735944 103 9  
-34.922930537864985 -57.99136312045069 103 104 252 
-34.92463021960395 -57.989105024447035 103 106  
-34.925443555653416 -57.987991016725644 103 107  
-34.92628718705605 -57.986857993612475 103 108  
-34.92715869372823 -57.98570212807137 103 10  
-34.92804079403777 -57.98452689577302 103 110  
-34.92885375458197 -57.98339978520719 103 113  
-34.92969520060263 -57.9822819854173 103 114  
-34.93051438042711 -57.981174528766125 103 115  
-34.93134650389105 -57.9800426710397 103 117  
-34.92433120316222 -57.989550669197186 103 32  
-34.92289664838894 -57.99018264284825 252 32  
-34.92119726520567 -57.991462997788055 101 9  
-34.92284906706383 -57.98921185119374 101 105 252 
-34.92370261103077 -57.9880887969434 101 106  
-34.924530635429164 -57.9869744413366 101 107  
-34.925354468895335 -57.98587106962325 101 108  
-34.926246668658955 -57.984688353801054 101 10  
-34.9271059697722 -57.983527336223986 101 110  
-34.92792973986627 -57.982406674724615 101 113  
-34.92877962588757 -57.98129433394963 101 114  
-34.929575741884975 -57.980150488813166 101 115  
-34.930416581134224 -57.97901744663032 101 117  
-34.92238681962581 -57.989864095617044 101 32  
-34.92218471822351 -57.990524569471994 104 32  
-34.920263689859645 -57.990422987603104 100 9  
-34.92109380251089 -57.98933475673972 100 104  
-34.921921780019375 -57.988200554128746 100 105  
-34.922768726986924 -57.987057613254976 100 106 252 
-34.92358423605381 -57.98596028779618 100 107  
-34.924454602843205 -57.98484671561499 100 108  
-34.9253065446833 -57.98367592582396 100 10  
-34.926179475917046 -57.982512453466846 100 110  
-34.92699540323899 -57.98140386188775 100 113  
-34.927862317133375 -57.98025868309598 100 114  
-34.92866873752713 -57.97913881353965 100 115  
-34.929520105358655 -57.97806459572891 100 117  
-34.92064207412486 -57.98994231916021 100 32  
-34.919324190747474 -57.98944152291167 99 9  
-34.92016604279346 -57.98827931298151 99 104  
-34.9209950663112 -57.98716922012831 99 105  
-34.921836901215244 -57.98605391555634 99 106  
-34.922679115950935 -57.98492502899924 99 107 252 
-34.92350707750988 -57.9838135156489 99 108  
-34.92439161714317 -57.98266567830384 99 10  
-34.92527019083913 -57.981470619827505 99 110  
-34.92611932257905 -57.98037469396005 99 113  
-34.92694724874984 -57.97924440798101 99 114  
-34.92774275017733 -57.97813926057871 99 115  
-34.92859888658503 -57.97701235833196 99 117  
-34.91838242055196 -57.98847451291832 98 9  
-34.91924222224164 -57.98729104804736 98 104  
-34.92007347424154 -57.986159794815904 98 105  
-34.920915420474316 -57.98506334936459 98 106  
-34.9217323854695 -57.98393644708101 98 107  
-34.922567179728404 -57.9828443526428 98 108 252 
-34.923466179430704 -57.9816521857982 98 10  
-34.92430452345135 -57.98047742282333 98 110  
-34.925164263104136 -57.97933746764127 98 113  
-34.926006157110564 -57.97825842607583 98 114  
-34.92682104786621 -57.97711604272071 98 115  
-34.92767364309226 -57.975993542297665 98 117  
-34.91744175723295 -57.98740909708069 7 9  
-34.918304995758284 -57.98627294573845 7 104  
-34.91911694451069 -57.98510552414883 7 105  
-34.91995879868 -57.984000642977165 7 106  
-34.92081773743474 -57.98288012670389 7 107  
-34.92165102764601 -57.981785668934855 7 108  
-34.92333354362166 -57.97944402749881 7 110  
-34.92422421412366 -57.97826763866052 7 113  
-34.92502073857156 -57.977183839237256 7 114  
-34.92588143646064 -57.97607232588049 7 115  
-34.926711213814876 -57.974957207695944 7 117  
-34.91644055469911 -57.98633796762304 96 9  
-34.91731464755989 -57.9851762575923 96 104  
-34.918174460440774 -57.98404065339917 96 105  
-34.919005723253996 -57.9829442079901 96 106  
-34.91981913966023 -57.98183035864604 96 107  
-34.92065752093943 -57.98070345639162 96 108  
-34.92154940652262 -57.979559150242885 96 10  
-34.922412742529104 -57.97833652655447 96 110 252 
-34.923233260066596 -57.97719657134171 96 113  
-34.924057336811735 -57.976134933721625 96 114  
-34.92490162205597 -57.975004016279094 96 115  
-34.92574049118135 -57.973886902225686 96 117  
-34.91552387104843 -57.985300321402164 94 9  
-34.91639995035094 -57.98417459343447 94 104  
-34.91724183239144 -57.98302801862249 94 105  
-34.918045244758595 -57.98192313749313 94 106  
-34.91889138332707 -57.98080783293219 94 107  
-34.91973323981493 -57.97970295174675 94 108  
-34.920605000883114 -57.97854074184602 94 10  
-34.92148102595923 -57.97735247343001 94 110  
-34.92231858265415 -57.97624238055567 94 113 252 
-34.9231475844328 -57.97509580575286 94 114  
-34.92398085097809 -57.974001347959906 94 115  
-34.92481170634346 -57.972867882378104 94 117  
-34.914595475711735 -57.984271323060405 93 9  
-34.915480112085625 -57.98315601854222 93 104  
-34.916339097713845 -57.98203550225883 93 105  
-34.917159612900754 -57.98091498598647 93 106  
-34.917988666801385 -57.979815316508315 93 107  
-34.9188476261724 -57.9786531066278 93 108  
-34.919710849920435 -57.977516955242336 93 10  
-34.920556074363056 -57.97636551987661 93 110  
-34.92138496086514 -57.9752270046614 93 113  
-34.922217938509434 -57.97406276364202 93 114 252 
-34.92305705610264 -57.97296524807094 93 115  
-34.92389555025327 -57.97185686900277 93 117  
-34.91372051300678 -57.9833164062591 92 9  
-34.914548524349634 -57.982137179739055 92 104  
-34.915386061856694 -57.9810006668875 92 105  
-34.91621562237788 -57.97992710467439 92 106  
-34.91706330375155 -57.978796659250456 92 107  
-34.91789376684192 -57.97765995800789 92 108  
-34.91875946857188 -57.97650156992143 92 10  
-34.919627235279485 -57.97531701831927 92 110  
-34.92046939903476 -57.97419980081631 92 113  
-34.92129628635713 -57.97307284124117 92 114  
-34.92213586489039 -57.9719672792295 92 115 252 
-34.9229801863458 -57.97084647161746 92 117  
-34.91278689783964 -57.98228332493493 91 9  
-34.9136087488907 -57.98115051952866 91 104  
-34.91446242349664 -57.98003183004151 91 105  
-34.91528136401231 -57.97889902457546 91 106  
-34.916126340011125 -57.97775210310469 91 107  
-34.91700024438948 -57.976640471602316 91 108 239 
-34.91784809636731 -57.975482963238726 91 10  
-34.91869593958531 -57.97430428093698 91 110 240 
-34.91953219957581 -57.97318912041077 91 113  
-34.92036845104658 -57.972084546858014 91 114  
-34.92119890687186 -57.97097644432843 91 115  
-34.92205250253531 -57.96979070402913 91 117 252 
-34.91184500837484 -57.981202261179035 6 9  
-34.91266306806775 -57.980073622922056 6 104  
-34.91350538373507 -57.97894921173569 6 105  
-34.91434422449572 -57.97781634630443 6 106  
-34.91518652291423 -57.976713070646746 6 107  
-34.9160253464872 -57.9756013408016 6 108  
-34.91679282132892 -57.97444115845312 6 10 239 240
-34.91777327297452 -57.97326312355143 6 110  
-34.918595845102914 -57.972141937305224 6 113  
-34.919424225794806 -57.97101980091245 6 114  
-34.920245782095016 -57.96988674962812 6 115  
-34.92109110853993 -57.96877005746966 6 117  
-34.910827120874515 -57.98014109354733 87 9  
-34.911714788840754 -57.979014918891146 87 104  
-34.912533862712515 -57.977884988980016 87 105  
-34.91336409310296 -57.976788041664456 87 106  
-34.914205023459196 -57.975653949804396 87 107  
-34.915039470956295 -57.97453631953175 87 108 240 
-34.91591819077775 -57.973368413141216 87 10  
-34.916794300534455 -57.972209082264335 87 110 239 
-34.91761286088822 -57.97108369332072 87 113  
-34.918446741700464 -57.96995830432368 87 114  
-34.919286745421246 -57.968832915340805 87 115  
-34.92014206884362 -57.96772622050731 87 117  
-34.920350533424376 -57.96744206911394 87 255  
-34.91987535605337 -57.96743085261775 117 255  
-34.90996206669675 -57.97916710710661 86 9  
-34.91080109518758 -57.97800740599366 86 104  
-34.91162359340246 -57.97688616862558 86 105  
-34.91245277025725 -57.975793471838024 86 106  
-34.913304109425134 -57.974637159262784 86 107  
-34.91410804584061 -57.973533925517366 86 108  
-34.91498361264843 -57.972354204841544 86 10  
-34.91587066643125 -57.97118560202194 86 110  
-34.91673780024656 -57.9700423227448 86 113  
-34.9175109348741 -57.968949683796936 86 114  
-34.91836987495918 -57.967808455148095 86 115  
-34.919211108583724 -57.96671319546233 86 117  
-34.918746644760965 -57.96736084445018 86 255  
-34.917840404159804 -57.96727261512746 115 255  
-34.90899575273836 -57.97814864210106 84 9  
-34.90986944880994 -57.97701175298031 84 104  
-34.91069204267211 -57.975867673323904 84 105  
-34.91153428007965 -57.97476588427386 84 106  
-34.91237494764445 -57.973623037296505 84 107  
-34.913202783560116 -57.97250221509277 84 108  
-34.91408811433815 -57.97134633076051 84 10  
-34.91494583837439 -57.97015066605297 84 110  
-34.91578390317354 -57.96906528050402 84 113  
-34.91661616221451 -57.96794643078288 84 114  
-34.91746037511346 -57.96679683066058 84 115  
-34.91827562613693 -57.96568537740773 84 117  
-34.91715542638661 -57.96720444596423 84 255  
-34.915876918846195 -57.96715615804881 114 255  
-34.908069083243696 -57.97714208870877 82 9  
-34.90893091296213 -57.975980392403216 82 104  
-34.90974908311742 -57.974855451595765 82 105  
-34.910579003028055 -57.97374168847469 82 106  
-34.911438454748584 -57.97262040395881 82 107  
-34.91225613024303 -57.97149120236325 82 108  
-34.91314329438286 -57.970346766037146 82 10  
-34.91402125744375 -57.96914428859568 82 110  
-34.91485647871486 -57.96804618435214 82 113  
-34.91570833726234 -57.96692476916621 82 114  
-34.91649780514161 -57.965796157254644 82 115  
-34.91736732349031 -57.964679694296514 82 117  
-34.915577347084756 -57.96712105158594 82 255  
-34.90715915876555 -57.97614905731134 74 9  
-34.90802559747638 -57.97495265179944 74 104  
-34.90886155228087 -57.97387140925009 74 105  
-34.90967787422693 -57.97277453349592 74 106  
-34.91050116122879 -57.97161065764016 74 107  
-34.91136703167704 -57.97050147323387 74 108  
-34.91221962148142 -57.96932176099657 74 10  
-34.91307973687294 -57.96816157680189 74 110  
-34.91394472536315 -57.96704061245815 74 113 255 
-34.91476089370411 -57.96590808849221 74 114  
-34.91559978591835 -57.96479790641585 74 115  
-34.91646922643341 -57.96371253348743 74 117  
-34.90617002053851 -57.97506898428144 3 9  
-34.90703666145002 -57.97390717044338 3 104  
-34.907921881668784 -57.9727636808006 3 105  
-34.90871759895299 -57.97167475600248 3 106  
-34.90954638186765 -57.97054787300592 3 107  
-34.91041406580499 -57.96943285202003 3 108  
-34.91125412673095 -57.96827429996678 3 10  
-34.91214568801853 -57.967082382435194 3 110  
-34.91296860009375 -57.96596736142228 3 113  
-34.913796359052455 -57.96485834840545 3 114  
-34.91464006719495 -57.96371828080181 3 115  
-34.91547033255767 -57.962614034786476 3 117  
-34.905233598575265 -57.97402436569822 45 9  
-34.90606227782789 -57.972845693289166 45 104  
-34.906949607010404 -57.971762323604295 45 105  
-34.90776480737463 -57.970651946680064 45 106  
-34.908585911285805 -57.969505062404394 45 107  
-34.90941342756422 -57.96836784657866 45 108  
-34.91029209498841 -57.967197840353464 45 10  
-34.91117167042661 -57.966033431816115 45 110  
-34.91197895619232 -57.96487504635409 45 113 256 
-34.91285513930353 -57.963752574370275 45 114  
-34.91367211246219 -57.96267759337649 45 115  
-34.914489799930514 -57.96156415975777 45 117  
-34.90426261725397 -57.97300211111652 38 9  
-34.905168240095904 -57.971854957012425 38 104  
-34.90597498142896 -57.97073168335723 38 105  
-34.90686001073433 -57.969599446885326 38 106  
-34.907655569763094 -57.96848978863442 38 107  
-34.90848461781372 -57.96739374580852 38 108  
-34.90936111069406 -57.96619899107456 38 10  
-34.91026933416307 -57.965028546848586 38 110  
-34.91107970370878 -57.96391068440697 38 113  
-34.911952657395226 -57.96277944018427 38 114  
-34.91275646320508 -57.96164210099468 38 115  
-34.91357660427365 -57.960548383822314 38 117  
-34.91176543556668 -57.96298973600858 38 256  
-34.91174315762273 -57.96260011160717 114 256  
-34.90339924440057 -57.97199386443307 37 9  
-34.90424723316372 -57.97084736941777 37 104  
-34.90507852886309 -57.969725369519495 37 105  
-34.90592052134497 -57.96859490650415 37 106  
-34.906745629831995 -57.967471515596785 37 107  
-34.90755711060962 -57.96637265789696 37 108  
-34.908449353768894 -57.965178954011265 37 10  
-34.90931953079185 -57.96401011900737 37 110  
-34.91016078721876 -57.962881963635986 37 113  
-34.91099714224612 -57.9617665093344 37 114  
-34.911847737232534 -57.9606460117652 37 115  
-34.91265867428548 -57.9595320648848 37 117  
-34.91152232794273 -57.96107541408676 37 256  
-34.91143610680897 -57.96021153691076 115 256  
-34.90248998566621 -57.97100345798838 227 9  
-34.90331499833954 -57.969863935807005 227 104  
-34.904156316290326 -57.96872157187593 227 105  
-34.90498306724721 -57.96761062668148 227 106  
-34.905812715799826 -57.96647962959525 227 107  
-34.906628430949795 -57.96536398214758 227 108  
-34.907516652392175 -57.964164741867286 227 10  
-34.90840686546621 -57.962996802624204 227 110  
-34.9092458008829 -57.96188853913288 227 113  
-34.91006746200894 -57.960771225541926 227 114  
-34.91091443055697 -57.95964758732028 227 115  
-34.91173965689109 -57.95851472776737 227 117  
-34.911260589345844 -57.95904799651032 227 256  
-34.9111233042859 -57.95788279469497 117 256  
-34.90151223125124 -57.969949906534616 197 9  
-34.90240155241725 -57.96879939136958 197 104  
-34.90322044895131 -57.96768149514392 197 105  
-34.904067920141905 -57.96656203537983 197 106  
-34.904881185176606 -57.965454131525185 197 107  
-34.90571313225829 -57.964267939120305 197 108 242 
-34.9065959359951 -57.96314338028288 197 10  
-34.907446476370154 -57.96200416951035 197 110 241 
-34.90831570202371 -57.96087363784525 197 113  
-34.909160299478266 -57.959745313789156 197 114  
-34.90998031648298 -57.9586173662919 197 115  
-34.91082533824516 -57.95750760334197 197 117  
-34.91105312756019 -57.957181370072504 197 256  
-34.90057151228384 -57.96890657832487 19 9  
-34.90143423961779 -57.9677486459564 19 104  
-34.90226017551792 -57.96662740858906 19 105  
-34.90309947839272 -57.965502093990885 19 106  
-34.903918709976104 -57.96438901106395 19 107  
-34.90476802715026 -57.963271850907994 19 108  
-34.9056273666978 -57.96210168676036 19 10 241 242
-34.906536852446706 -57.960976372144216 19 110  
-34.90736273702476 -57.95981843973582 19 113  
-34.908173294217555 -57.95865842787542 19 114  
-34.90903142953587 -57.95757810946242 19 115  
-34.90984705510235 -57.956458479153824 19 117  
-34.89960029086893 -57.96782957627461 163 9  
-34.900453135174146 -57.96671451903975 163 104  
-34.90128315242435 -57.965597180743934 163 105  
-34.90213081394307 -57.96440946751901 163 106  
-34.90296472801472 -57.96332743252567 163 107  
-34.903795773534426 -57.96225437514538 163 108 241 
-34.90466394189019 -57.961059620440544 163 10  
-34.90552651809074 -57.95990571196392 163 110 242 
-34.90639400320062 -57.958719732466996 163 113  
-34.90722332313957 -57.957613235429655 163 114  
-34.90803267156 -57.95650376013511 163 115  
-34.90888776305624 -57.955380190404625 163 117 253 
-34.89872864556759 -57.96686352911544 127 9  
-34.899562299100445 -57.96571613357498 127 104  
-34.90038584551963 -57.964599667635895 127 105  
-34.901206592047316 -57.9634491630691 127 106  
-34.902035705210636 -57.96232248553078 127 107  
-34.9029234332593 -57.96124005814643 127 108  
-34.90376369531 -57.96005551496878 127 10  
-34.90464401838035 -57.9589269523865 127 110  
-34.905495428800734 -57.95773560151704 127 113  
-34.90624897451365 -57.9566413006718 127 114  
-34.90711036651135 -57.95549079834169 127 115 253 
-34.90791708877297 -57.954404967077814 127 117  
-34.897737804467326 -57.96585594603285 111 9  
-34.89862464726414 -57.964692347113825 111 104  
-34.8994530584487 -57.96356266984014 111 105  
-34.900290064791506 -57.962434390625205 111 106  
-34.90113798108887 -57.961291597091126 111 107  
-34.901952702336025 -57.960192459368166 111 108  
-34.902835678514684 -57.9590487884916 111 10  
-34.903702704497164 -57.957873448054926 111 110  
-34.90450243309379 -57.95675189812321 111 113  
-34.905368385693464 -57.95560957712152 111 114 253 
-34.906147573058306 -57.95446803769045 111 115  
-34.90702687165357 -57.95337265579509 111 117  
-34.89682364136089 -57.964802651198006 102 9  
-34.897688025596274 -57.96366339222524 102 104  
-34.89854987191251 -57.962548630531444 102 105  
-34.899374848960456 -57.961424872318425 102 106  
-34.90017996720596 -57.96030531226349 102 107  
-34.901022975215184 -57.9591734347842 102 108  
-34.90189270054068 -57.95802760940258 102 10  
-34.90278843108627 -57.9568319565294 102 110  
-34.90362798943518 -57.955719048464516 102 113 253 
-34.90442063856508 -57.95460537133125 102 114  
-34.90528498860763 -57.95347669833583 102 115  
-34.90610740278278 -57.952348025288394 102 117  
-34.89581126887794 -57.96371877583359 89 9  
-34.89672031708278 -57.96263186957921 89 104  
-34.89760279441356 -57.96153994630481 89 105  
-34.89844356233063 -57.96039423270929 89 106  
-34.899260981664646 -57.959259944239605 89 107  
-34.90012190048495 -57.958168408839825 89 108  
-34.90098387274512 -57.95699073489533 89 10  
-34.90184235230076 -57.9558173507703 89 110 253 
-34.90268705942612 -57.95469979693979 89 113  
-34.903527148748886 -57.95358023690804 89 114  
-34.90435912904352 -57.95246070430243 89 115  
-34.90516150589721 -57.95133129475905 89 117  
-34.90056723564591 -57.956533322839114 10 286  
-34.90093760946754 -57.95587072597559 253 286  
-34.894992999029256 -57.962813230985496 1 9  
-34.895862037060084 -57.961646907708555 1 104  
-34.89669972908743 -57.96054055745195 1 105  
-34.89755109952858 -57.95939435251288 1 106  
-34.89838607925439 -57.958290918616214 1 107  
-34.89921711183435 -57.957168899571556 1 108  
-34.90004684878046 -57.95602662363437 1 10 253 
-34.90094976514394 -57.95489564371662 1 110  
-34.901770688080674 -57.95371365158025 1 113  
-34.902540608768895 -57.95255157988978 1 114  
-34.90341043419551 -57.95142806422012 1 115  
-34.904187776259214 -57.95032263374735 1 117  
-34.92437041030954 -57.99504748240079 64 9  
-34.925282910262645 -57.99390990654206 64 104  
-34.92608765272807 -57.99276822388462 64 105  
-34.926932792178626 -57.99165118181806 64 106  
-34.92779139106995 -57.99050539238471 64 107  
-34.92859851133151 -57.98941638879565 64 108  
-34.92949146102907 -57.988235316912515 64 10  
-34.93035890611684 -57.987098461870396 64 110  
-34.931171244070356 -57.98598419111479 64 113  
-34.9320197335663 -57.98485554706913 64 114  
-34.93285715210653 -57.983727925532634 64 115  
-34.93368370132985 -57.98259842773452 64 117  
-34.925346536021664 -57.996039844957835 65 9  
-34.926167147029055 -57.994946309222605 65 104  
-34.927037793061466 -57.993795667226095 65 105  
-34.92788571343295 -57.99265182159652 65 106  
-34.92871022498335 -57.99154051416751 65 107  
-34.92952832364041 -57.990439715797955 65 108  
-34.93041877911775 -57.98927135235788 65 10  
-34.931272474369955 -57.988109817007405 65 110  
-34.9321033274338 -57.98697880924641 65 113  
-34.93295237737761 -57.985848978493536 65 114  
-34.93376006614836 -57.98473052889994 65 115  
-34.934595205928375 -57.983598978148 65 117  
-34.92828450390204 -57.99210657845634 65 293  
-34.93173759864665 -57.98858458296886 66 110  
-34.9325616628818 -57.98749443162892 66 113  
-34.9262633659187 -57.997066083056374 67 9  
-34.927122670037214 -57.99591330161529 67 104  
-34.92794578373464 -57.99480981175279 67 105  
-34.928792850527735 -57.99366092480016 67 106  
-34.92961768557499 -57.99255167036744 67 107  
-34.93044855498739 -57.99141293406224 67 108  
-34.9313230908732 -57.99027844547152 67 10  
-34.932196240712884 -57.98911391256497 67 110  
-34.933001954864224 -57.98798831088036 67 113  
-34.93385998082203 -57.98686800075814 67 114  
-34.9346938284377 -57.98574769060113 67 115  
-34.935542624002295 -57.984642632980155 67 117  
-34.92924737827962 -57.993124897028814 67 293  
-34.92676132192676 -57.99755793285845 68 9  
-34.92758868440411 -57.996468815434476 68 104  
-34.931783786043795 -57.99077397371227 68 10  
-34.932654181011536 -57.98963718557151 68 110  
-34.93349888475552 -57.988494070682385 68 113  
-34.927213494288935 -57.99805838036901 69 9  
-34.92805124163038 -57.996937807128 69 104  
-34.92888043653225 -57.995839749850404 69 105  
-34.929709485744546 -57.99470103481897 69 106  
-34.930551615543756 -57.99358463346003 69 107  
-34.93143453742433 -57.992448314145435 69 108  
-34.93225305510037 -57.991317521425614 69 10  
-34.933140681319514 -57.990128193272376 69 110  
-34.93397420545336 -57.989004953367605 69 113  
-34.93476862102672 -57.98787669731067 69 114  
-34.93560245940187 -57.98676375763542 69 115  
-34.93616556265608 -57.986059866528606 69 117  
-34.92762793345339 -57.99750669934793 69 290  
-34.93013737429077 -57.99415087835994 69 293  
-34.92812075584568 -57.99907162390061 70 9  
-34.92896919582342 -57.99795896078535 70 104  
-34.92979783608447 -57.996858775401805 70 105  
-34.93064757954235 -57.99572311284721 70 106  
-34.93146481357464 -57.99459399955302 70 107  
-34.93227406299661 -57.993421888643844 70 108  
-34.93315344913605 -57.9922910222816 70 10  
-34.93403502147732 -57.99114984970073 70 110  
-34.934874664307365 -57.99001742667731 70 113  
-34.93655644063273 -57.987766835471895 70 115  
-34.937384199941114 -57.98667210212404 70 117  
-34.92856102202266 -57.998550659909206 70 290  
-34.92940767257516 -57.99740543576188 70 291  
-34.930222230196996 -57.996299326515896 70 292  
-34.93106215740037 -57.99515321977053 70 293  
-34.93186642434967 -57.99404304302601 70 294  
-34.933631640788846 -57.99169058511576 70 295  
-34.93699490615584 -57.988256530883895 71 115  
-34.9378525411991 -57.98717503717191 71 117  
-34.92907896972189 -58.00012728287718 4 9  
-34.929948825043994 -57.99902256119913 4 104  
-34.93075429593108 -57.99789573457117 4 105  
-34.93158831390486 -57.99676662943823 4 106  
-34.93243091212889 -57.9956548047442 4 107  
-34.93328603085487 -57.99451241438033 4 108  
-34.93411420357006 -57.99340088208398 4 10  
-34.93501002362606 -57.99219736050983 4 110  
-34.93584227964189 -57.9910357651729 4 113  
-34.93668476569681 -57.989949608839495 4 114  
-34.93751791519459 -57.988833963465154 4 115  
-34.93833539576499 -57.98772978018632 4 117  
-34.929521803238295 -57.99956637815755 4 290  
-34.930353419872134 -57.99844755877372 4 291  
-34.93116920284643 -57.99732760890097 4 292  
-34.93202718161603 -57.99620652274325 4 293  
-34.932858819621494 -57.99507068048625 4 294  
-34.93457750680603 -57.99272992170168 4 295  
-34.894257167734345 -57.96187133002146 40 9  
-34.895100520774214 -57.960819195697724 40 104  
-34.89404595927742 -57.961587628031104 39 9  
-34.894843869654714 -57.96055092622421 39 104  
-34.89566338965124 -57.959420664384396 39 105  
-34.896495504039116 -57.9583186458008 39 106  
-34.89736283137351 -57.95717287096931 39 107  
-34.89828197419197 -57.956052725062115 39 108 253 
-34.89906188021583 -57.95488045489415 39 10  
-34.89991708132369 -57.95371220831348 39 110  
-34.900756800943405 -57.95258170350594 39 113  
-34.90161060433471 -57.951448623837486 39 114  
-34.902409772596556 -57.95033701769671 39 115  
-34.90315771974922 -57.9492426659822 39 117 259 
-34.94444359970461 -57.9653059212954 8 165
-34.94522254925106 -57.96417245293963 8 166
-34.946095339336914 -57.96305043377904 8 167
-34.946968605605534 -57.96194202859194 8 168
-34.94779679071845 -57.960804747251665 8 169
-34.948648631057054 -57.95962560065148 8 18 31
-34.950176691439715 -57.95712497989025 8 31 172
-34.95204611310997 -57.955123557998064 8 176
-34.95286207709666 -57.95401123399303 8 177
-34.95360985843204 -57.95257760211641 8 179 253
-34.95072860900582 -57.953791583607604 31 103 176
-34.94949936058941 -57.958439327129824 31 171
-34.95053615490495 -57.955542105168185 31 174
-34.950723055841394 -57.95276685691306 31 253
-34.95060909190853 -57.951693464220696 31 101 177
-34.95025352340794 -57.95004166307328 31 100
-34.9497048341209 -57.94861586561203 31 99
-34.94900902193031 -57.94730956010136 31 98
-34.94329704369195 -57.96400025155149 103 165
-34.944126356411616 -57.962880007378985 103 166
-34.94494612856176 -57.9617520106106 103 167
-34.945781779337274 -57.96063564265875 103 168
-34.946617421593245 -57.95952702726706 103 169
-34.94748482830845 -57.958348638890214 18 103
-34.94836175764176 -57.95717412678776 103 171
-34.949200550829694 -57.956061635139385 103 172
-34.95001391784637 -57.954953019778344 103 174
-34.951659415166944 -57.95269011522395 103 177 253
-34.94238087959619 -57.96297636475643 101 165
-34.943187764920225 -57.9618480913445 101 166
-34.94401747834858 -57.96075231961691 101 167
-34.9448662132142 -57.95961940309344 101 168
-34.945699715583274 -57.95849112965426 101 169
-34.94656746247672 -57.95731642519574 18 101
-34.9474428118788 -57.95616029316447 101 171
-34.948268676440804 -57.95503666282171 101 172
-34.94910594999462 -57.95391767555074 101 174
-34.94997746655461 -57.95279868837785 101 253 176
-34.94144487352383 -57.961953973752976 100 165
-34.9422725278743 -57.96086340879476 100 166
-34.94310288247233 -57.95972477498961 100 167
-34.94391195139574 -57.958618029527784 100 168
-34.944760802008005 -57.957475687000745 100 169
-34.94565739092569 -57.95630098346334 18 100
-34.94651292564193 -57.95513368354191 100 171
-34.94732784480459 -57.954029674373274 100 172
-34.948195244000686 -57.95290555391816 100 174 253
-34.94900226652128 -57.95177755713808 100 176
-34.94984423036605 -57.95066894177705 100 177
-34.94055175676638 -57.96094780663561 99 165
-34.94134200033868 -57.959849976491974 99 166
-34.94218086534485 -57.958706474645645 99 167
-34.943010189362745 -57.95760561181726 99 168
-34.94385221474499 -57.95648536755371 99 169
-34.9447260055203 -57.95531085550277 18 99
-34.94559343224679 -57.95414021965323 99 171
-34.94640048037404 -57.95301997547505 99 172 253
-34.947242470939806 -57.951880349883496 99 174
-34.94809354832442 -57.950770886745296 99 176
-34.948937570245704 -57.949633137196294 99 177
-34.939578273680866 -57.95994911686406 98 165 260
-34.94043622215548 -57.95884050150715 98 166
-34.941262386272236 -57.95770862848839 98 167
-34.942091719581185 -57.95659226051284 98 168
-34.942924221970515 -57.95548364514296 98 169
-34.94378849031734 -57.95429750420944 18 98
-34.9446485317178 -57.95314075265773 98 171 253
-34.945499252893306 -57.95200083798614 98 172
-34.94633634160673 -57.95087965500385 98 174
-34.9471557058841 -57.949769278537254 98 176
-34.94800205329815 -57.94862347055308 98 177
-34.93863719322826 -57.95890271126175 7 165
-34.93946106382406 -57.95777882661137 7 166
-34.94029157016696 -57.95663062713373 7 167
-34.94115041835425 -57.95552545530907 7 168
-34.941963190568636 -57.95440157063666 7 169
-34.94368554051859 -57.952049038565576 7 171
-34.94454057461063 -57.95093954399422 7 172
-34.945369976615346 -57.94981007288315 7 174
-34.946218414080754 -57.94871451240029 7 176
-34.94704094432546 -57.947588858636045 7 177
-34.948071893637966 -57.94616601048207 7 31 20
-34.93765451860977 -57.95785282232221 96 165 261
-34.93851184395034 -57.95672503659283 96 166
-34.93932484703654 -57.95559403949036 96 167
-34.94015570185691 -57.954495652975226 96 168
-34.94095999997479 -57.95336328698963 96 169 253
-34.94186874739247 -57.95217252974261 18 96
-34.94272755995516 -57.951073196952386 96 171
-34.94358164986877 -57.94989340365049 96 172
-34.94442340450856 -57.948750147298185 96 174
-34.94524835364164 -57.94763546755377 96 176
-34.94606993987706 -57.946529338464245 96 177
-34.947103185689826 -57.94508599935422 96 20
-34.93674690616506 -57.956817850261366 94 165
-34.93755907965297 -57.95571027566759 94 166
-34.93841310547177 -57.95459521017875 94 167
-34.93922380367433 -57.95346023649476 94 168 253
-34.9400720650902 -57.9523403666751 94 169
-34.94094822063328 -57.95116603505848 18 94
-34.94187459147041 -57.94997128028835 94 171
-34.94266144040343 -57.948882045234356 94 172
-34.94349013484822 -57.94773154062986 94 174
-34.944338352131176 -57.946635497815095 94 176
-34.94515865918841 -57.94550541637857 94 177
-34.94576411865612 -57.94466466303988 94 178
-34.94619658696534 -57.94409621846801 20 94
-34.93582710927542 -57.95580286804533 93 165
-34.93666145364883 -57.9546727866399 93 166
-34.93746230464564 -57.95358695542923 93 167 253
-34.938321745799634 -57.952429643111714 93 168
-34.9391616454978 -57.95133019643531 93 169
-34.94002106884026 -57.950142249406504 18 93
-34.94087769288431 -57.94899855254723 93 171
-34.94173988850948 -57.947871874966246 93 172
-34.942563011793204 -57.946745197420796 93 174
-34.943388917025494 -57.94559469283044 93 176
-34.94425101023581 -57.944495993757656 93 177
-34.94487760843676 -57.94366905870631 93 178
-34.945310866847706 -57.943160394176225 20 93
-34.934900426837125 -57.954790085519676 92 165
-34.93571620812769 -57.953673289773874 92 166 253
-34.936567292666744 -57.95254812057323 92 167
-34.9373866344902 -57.95143983200927 92 168
-34.93823459185332 -57.950328726829184 92 169
-34.93911291443441 -57.94914240442076 18 92
-34.93997258963606 -57.94798156063224 92 171
-34.94080068550741 -57.94685155518092 92 172
-34.94163959430911 -57.94572216330347 92 174
-34.94246512566552 -57.944613157600564 92 176
-34.94329234929904 -57.94349666500201 92 177
-34.93398233972955 -57.95379906124553 91 165 253
-34.93482592764104 -57.95263514414197 91 166
-34.93562813013385 -57.95154244731327 91 167
-34.93646709184137 -57.95043344162033 91 168
-34.93731272982658 -57.949287740877644 91 169 243
-34.93818175582234 -57.94814204015391 18 91
-34.93901734905196 -57.94695148993402 91 171 245
-34.93989304162749 -57.94583840699428 91 172
-34.94070856370826 -57.9447253240685 91 174
-34.941560842463645 -57.94362039557348 91 176
-34.942359636865156 -57.94245838588378 91 177
-34.93300298273112 -57.95271622853555 6 165
-34.93384636645958 -57.95161839272071 6 166
-34.934671317147526 -57.950481012924875 6 167
-34.9355087778944 -57.949377396460186 6 168
-34.9363466771121 -57.94822471568159 6 169
-34.937254223009745 -57.947078017504644 6 18 243 245
-34.938080688466364 -57.94591253171302 6 171
-34.938923926740166 -57.94477001303845 6 172
-34.93976756791467 -57.94364039685009 6 174
-34.94059350129703 -57.94253073860455 6 176
-34.94141384581896 -57.94142788805484 6 177
-34.9424831418957 -57.9399847144805 6 20
-34.931842122364166 -57.95196444718701 87 254
-34.93204946742029 -57.95167175197634 87 165
-34.93287884241948 -57.950549279970176 87 166
-34.93371519804446 -57.94942964965465 87 167
-34.93454300110073 -57.94830879527991 87 168
-34.93539717117142 -57.947190216834834 87 169 245
-34.936238307231434 -57.94601703239891 18 87
-34.93710093698707 -57.944854105031105 87 171 243
-34.93794118150168 -57.94373671323106 87 172
-34.938800075473424 -57.942597658594345 87 174
-34.939617647597956 -57.94149140420213 87 176
-34.940432421265896 -57.94036472668025 87 177
-34.9317518062284 -57.95133863854921 165 254
-34.931109037130554 -57.95065678426183 86 165
-34.93158575937297 -57.950085277880916 86 254
-34.93197016423378 -57.94954300669011 86 166
-34.9327857650978 -57.94842349901131 86 167
-34.93361280297724 -57.94729534361411 86 168
-34.93447477725216 -57.94616434647806 86 169
-34.93532043510019 -57.94500777406339 18 86
-34.93620102821952 -57.943842676507515 86 171
-34.93702419377035 -57.94272184524854 86 172
-34.937857111121154 -57.94159008391658 86 174
-34.9386938093168 -57.94047530693338 86 176
-34.93952271266368 -57.93936222400794 86 177
-34.93145583851542 -57.94896243740348 166 254
-34.93018791472878 -57.94965498898726 84 165
-34.93103906022793 -57.94852150367934 84 166
-34.931343237944986 -57.94811304054783 84 254
-34.93186229090404 -57.94739482616165 84 167
-34.93265481705048 -57.94626814855345 84 168
-34.93353384236319 -57.945165298043435 84 169
-34.934407277239806 -57.94399777417289 18 84
-34.93527512185433 -57.94283025028902 84 171
-34.93613737637825 -57.94172739973987 84 172
-34.936966136744246 -57.940597318298046 84 174
-34.93776977516754 -57.93944340986216 84 176
-34.93858403033707 -57.938374659734485 84 177
-34.93112623045875 -57.94660609358465 167 254
-34.92926424669418 -57.948638265936204 82 165
-34.93012953244004 -57.94751475656129 82 166
-34.93094719099566 -57.9464050982508 82 167
-34.93108393172995 -57.94621448212276 82 254
-34.93178158500152 -57.94526140141569 82 168
-34.932585274216564 -57.94414153159381 82 169
-34.933492205715496 -57.942970603859116 18 82
-34.93434052642136 -57.94179286834895 82 171
-34.93517488590858 -57.94067640239842 82 172
-34.93601760828849 -57.9395803595706 82 174
-34.93682894693851 -57.93846417403623 82 176
-34.93766992140013 -57.93734170202031 82 177
-34.9283524180809 -57.947639669735516 74 165
-34.92917018146854 -57.94652003941929 74 166
-34.9300345321921 -57.945371992137275 74 167
-34.93085693831168 -57.94425804519262 74 168 254
-34.931643065304485 -57.9430897711516 74 169
-34.932513729735014 -57.94191543957274 18 74
-34.933395547116284 -57.94075472338858 74 171
-34.934135038551084 -57.93966548831654 74 172
-34.935092181729566 -57.938528599157564 74 174
-34.935934904955545 -57.93745978721822 74 176
-34.93676890846653 -57.93633960384767 74 177
-34.92738790199745 -57.946589821566654 3 165
-34.92822075550571 -57.94543236038393 3 166
-34.92904559248086 -57.94433350475119 3 167
-34.929942493172796 -57.943151624518 3 168
-34.93325773739912 -57.93864387476458 3 172
-34.93413457307437 -57.93750106492993 3 174
-34.934979369351844 -57.93636802276103 3 176
-34.935800134653775 -57.93525791963683 3 177
-34.93684769223608 -57.93383592084393 3 20
-34.9264227347473 -57.945517959259114 45 165
-34.92725248945614 -57.94438892112796 45 166
-34.928082235783336 -57.94326573286697 45 167
-34.929028098584716 -57.94212676747883 45 168 257
-34.92985041415343 -57.941029993440225 45 169
-34.93067606417614 -57.93989244714094 18 45
-34.93156855910456 -57.93877528700693 45 171
-34.932334024553526 -57.937674435741776 45 172
-34.933162992169024 -57.936422727146855 45 174
-34.933995293974036 -57.935334107539376 45 176
-34.934844299971665 -57.934221024580005 45 177
-34.935863764047426 -57.93276953187842 20 45
-34.925526002773836 -57.9444802397736 38 165
-34.926333865434344 -57.9433887626432 38 166
-34.92715030986924 -57.942281004448304 38 167
-34.927304901981316 -57.94206593438941 38 257
-34.92801022481332 -57.94111726911649 38 168
-34.928843560751034 -57.9399977262613 38 169
-34.929701042521806 -57.9388546140512 18 38
-34.930573007747995 -57.93768498634742 38 171
-34.93140148689564 -57.936550712691044 38 172
-34.93224203445381 -57.9354311698205 38 174
-34.933084988723394 -57.934329303960546 38 176
-34.93391344250921 -57.93318913792789 38 177
-34.93492544903731 -57.93177497855777 20 38
-34.926945967844034 -57.942065676752776 167 257
-34.92460383530823 -57.94347054966691 37 165
-34.92542340822508 -57.94237272813736 37 166
-34.925672210003505 -57.94199561896442 37 257
-34.926232615132776 -57.941256131467306 37 167
-34.927078046659645 -57.94010712693092 37 168
-34.92791380755169 -57.93900820721164 37 169
-34.928780960861715 -57.93782679484517 18 37
-34.92966259758855 -57.93665422102377 37 171
-34.93048625512383 -57.93554057049322 37 172
-34.931314735145165 -57.9344210276563 37 174
-34.932230159611436 -57.933216046001 37 176
-34.93299823876005 -57.93217899572573 37 177
-34.93402233308726 -57.93075894402522 20 37
-34.92500051379195 -57.9419384644963 166 257
-34.92367278215508 -57.942457329652115 165 227
-34.92408709921115 -57.941895074320435 227 257
-34.92448001768252 -57.941366032366574 166 227
-34.925306696436365 -57.94022017020185 167 227
-34.92617032369702 -57.939117010963606 168 227
-34.92699504034633 -57.937980638312325 169 227
-34.92786253995114 -57.93683714849224 18 227
-34.928722250239524 -57.93565807292763 171 227
-34.92955472130002 -57.93453118983447 172 227
-34.930402743881906 -57.933390072444 174 227
-34.93122547301391 -57.93229640272382 176 227
-34.932054028760874 -57.93118138155319 177 227
-34.9331101334539 -57.92976032266492 20 227
-34.92304661169173 -57.94182544363081 165 257
-34.922497138225815 -57.941781541276754 197 257
-34.92272926543972 -57.94145518483003 165 197
-34.92356742423801 -57.940354952411695 166 197
-34.924396093227145 -57.93922014082638 167 197
-34.92522787550358 -57.938123244109015 168 197
-34.92606137146 -57.93694789167846 169 197 246
-34.92694054519906 -57.93581849985452 18 197
-34.927773969204814 -57.934629603145076 171 197 247
-34.9286301985775 -57.93352351409449 172 197
-34.92947926009756 -57.93239412226126 174 197
-34.930308256565745 -57.93126880764657 176 197
-34.93114873138311 -57.93014388288619 177 197
-34.932179632759 -57.92875508702567 20 197
-34.92177897616694 -57.94041530890596 19 165
-34.92259950885809 -57.93928522752966 19 166
-34.92343398776025 -57.93816195386722 19 167
-34.92426845818103 -57.93702846856376 19 168
-34.92509454762652 -57.93593242576564 19 169
-34.925961235598706 -57.9347543969001 18 19 246 247
-34.92682207767678 -57.933582490673125 19 171
-34.92767014426167 -57.932471385432784 19 172
-34.92849024426243 -57.93135459683338 19 174
-34.929328974423726 -57.93020939121444 19 176
-34.93017468531747 -57.92909544431405 19 177
-34.931230064377964 -57.92768596044999 19 20
-34.92082910777458 -57.93935591288983 163 165 252
-34.921635365581636 -57.93824174026767 163 166
-34.92246920562963 -57.93710887343836 163 167
-34.92329077502997 -57.935994700854614 163 168
-34.924142991322526 -57.93486557288156 163 169 247
-34.92501972257979 -57.933687840090144 18 163
-34.925878051800474 -57.93252880147569 163 171 246
-34.92671184873301 -57.9313847181795 163 172
-34.92754257181518 -57.93027428436997 163 174
-34.928382482541195 -57.9291563729172 163 176
-34.929213188702235 -57.928027244959075 163 177
-34.93024926061489 -57.92658779376149 20 163
-34.91988837212189 -57.938354648948284 127 165
-34.92073508529241 -57.93723663265412 127 166 252
-34.92152991703261 -57.93612393380946 127 167
-34.92236533672146 -57.93498778230183 127 168
-34.923190064949665 -57.933830783951926 127 169
-34.92408315508187 -57.93267378557587 18 127
-34.9249505969618 -57.931516787208935 127 171
-34.92577743572793 -57.93038845326365 127 172
-34.92662349468125 -57.92925751343201 127 174
-34.92745672603545 -57.928144814590546 127 176
-34.92829849475485 -57.92702690404545 127 177
-34.929334670279616 -57.925593685386794 20 127
-34.91893841831633 -57.9373180859007 111 165
-34.919781570010905 -57.93617980458273 111 166
-34.92065333067127 -57.93506449987298 111 167 252
-34.9214460265681 -57.93399088879702 111 168
-34.922260080960385 -57.93282346705815 111 169
-34.9231617275783 -57.93166907458289 18 111
-34.924031223415625 -57.93049695070965 111 171
-34.924855934902276 -57.92938164599756 111 172
-34.925698776034764 -57.92825836544692 111 174
-34.9265341532789 -57.92711960806698 111 176
-34.92736952201684 -57.925999091659584 111 177
-34.92841211863903 -57.92456587300603 20 111
-34.918041422041455 -57.93631466449439 102 165
-34.918875789272754 -57.93519721984227 102 166
-34.9196691980876 -57.93407041116856 102 167
-34.92054961695667 -57.93293735975933 102 168 252
-34.921268789323456 -57.93182927915754 102 169
-34.92224388483196 -57.93065565020547 18 102
-34.92309356492723 -57.9294945065699 102 171
-34.92394067698106 -57.928383304618414 102 172
-34.924780102655234 -57.92725025321479 102 174
-34.925606723813864 -57.92614217263233 102 176
-34.92644869160184 -57.924996635794095 102 177
-34.92747234900133 -57.92358266255451 20 102
-34.917105619587346 -57.935302640613834 89 165
-34.9179139916331 -57.93420457753063 89 166
-34.918773340044545 -57.93304900312688 89 167
-34.9195551823354 -57.93191042718232 89 168
-34.92047129429871 -57.930800917990474 89 169 252
-34.9212227081577 -57.92964879534886 18 89
-34.92218034254192 -57.92848085611343 89 171
-34.92301680722787 -57.927349859018875 89 172
-34.92385792328974 -57.92619612828882 89 174
-34.924685051173235 -57.925099231604364 89 176
-34.925523820232144 -57.92397960126473 89 177
-34.926569939621444 -57.92253317529853 20 89
-34.916156691695484 -57.934241124978286 1 165
-34.91698594036373 -57.933121367912456 1 166
-34.91781210311845 -57.932008305808324 1 167
-34.91864942175407 -57.93088503206705 1 168
-34.919416956329194 -57.92979239310478 1 169
-34.92035832962437 -57.92859446787916 1 18 252
-34.921223898385335 -57.92742776153789 1 171
-34.922033299707344 -57.9263221682584 1 172
-34.92289043469554 -57.92518464301681 1 174
-34.9237246896998 -57.92404473842982 1 176
-34.924567529707986 -57.922904445435265 1 177
-34.925610316292826 -57.921509928091275 1 20 34
-34.91517625088226 -57.933240073167745 39 165 258
-34.91601889682976 -57.93206758663583 39 166
-34.916866399409955 -57.93094517240617 39 167
-34.91767560858142 -57.92985259858778 39 168
-34.91852959657855 -57.92871178976692 39 169
-34.919322251506124 -57.92753745816584 18 39
-34.92016794138086 -57.926348698771704 39 171 252
-34.921019892583004 -57.925226362411614 39 172
-34.921914154475 -57.92411951702219 39 174
-34.9236123601545 -57.92186313185496 39 177
-34.92458507132103 -57.92052755908324 34 39
-34.914250956333895 -57.932158501777664 41 165
-34.91508332905298 -57.931067373496305 41 166 258
-34.915894523416625 -57.92991965321613 41 167
-34.9167710335637 -57.92881979594335 41 168
-34.91759269937597 -57.92769508428402 41 169
-34.91846775811661 -57.92652834874965 18 41
-34.91933122977408 -57.925349688344895 41 171
-34.92015767020388 -57.924231119016184 41 172 252
-34.9210096190909 -57.92310808472908 41 174
-34.92181114561114 -57.921977087594655 41 176
-34.92268969471348 -57.92085700141184 41 177
-34.92345719150584 -57.919815420353494 34 41
-34.913133226515775 -57.931393274363764 42 248
-34.91333322209597 -57.93116744944422 42 165
-34.9141769407822 -57.930038670044624 42 166
-34.91499463130432 -57.92892407749371 42 167 258
-34.91576199212016 -57.927809349121524 42 168
-34.916680188727945 -57.92668958331081 42 169
-34.91754196136579 -57.92551762502697 18 42
-34.91839399855787 -57.92434803915074 42 171
-34.91923824586602 -57.92321403900672 42 172
-34.92007275828395 -57.9221085075241 42 174 252
-34.920831398572815 -57.920955528324974 42 176
-34.92175731927299 -57.91985474161908 42 177
-34.922054934418455 -57.91924029388398 34 42
-34.913006035044845 -57.930835769131015 165 248
-34.92125695616843 -57.919106442562295 34 177
-34.912706727282895 -57.92956115335505 43 248
-34.91322404470416 -57.92902975524394 43 166
-34.91402331702337 -57.927884549619215 43 167
-34.91492125466209 -57.92681830883015 43 168 258
-34.915733290495176 -57.925671554081354 43 169
-34.91662327253786 -57.92449311010849 18 43
-34.9175148689609 -57.92331070499893 43 171
-34.918349615303086 -57.92220752297895 43 172
-34.91914760067711 -57.92106226311413 43 174
-34.91998239154072 -57.91994167525254 43 176 252
-34.92044150399561 -57.91901376828035 34 43
-34.9126678009717 -57.92863536750028 166 248
-34.91948406615467 -57.91903941954388 34 176
-34.919930628049784 -57.918991765511876 34 252
-34.912760574639506 -57.9271640686078 44 248
-34.913048716617446 -57.92690213758478 44 167
-34.91391789762193 -57.9257881906633 44 168
-34.91481270169179 -57.924642985060125 44 169 258
-34.915609628357466 -57.923472204142854 18 44
-34.91648151521964 -57.9223139052416 44 171
-34.917315707858535 -57.921188591494726 44 172
-34.91814989201166 -57.920071802909476 44 174
-34.91838523293324 -57.91926475979023 34 44
-34.91283759308701 -57.926683240752844 167 248
-34.9178330711419 -57.91944206523399 34 174
-34.945621517916756 -57.96657903234541 64 165
-34.94644737670459 -57.9654362863045 64 166
-34.94727882296226 -57.96430960875765 64 167
-34.94811863091817 -57.963196546657684 64 168
-34.94894727020455 -57.962073272985535 64 169
-34.949848074004066 -57.96092360743095 18 64
-34.95071701451382 -57.959774122878514 64 171
-34.951554643749716 -57.95862637425896 64 172
-34.95322438974715 -57.956367789882734 64 176
-34.954036508649594 -57.95524933659934 64 177
-34.95494077570158 -57.95411470331675 64 179
-34.94653889237056 -57.96756993537281 65 165
-34.94736980104519 -57.96645436953742 65 166
-34.948200635470386 -57.965311721078145 65 167
-34.94903373075274 -57.96419813028111 65 168
-34.94989284083858 -57.96310038810754 65 169
-34.95075625289643 -57.96193807619777 18 65
-34.951640178726116 -57.96077216686572 65 171
-34.95249131081464 -57.95963149760124 65 172
-34.95331905774855 -57.958503069807335 65 174
-34.954160186469174 -57.95739833386111 65 176
-34.954981131836234 -57.956272480427764 65 177
-34.95586910741045 -57.95511791802403 65 179
-34.94745486516518 -57.96858229097539 67 165
-34.94829854858926 -57.967458685414165 67 166
-34.94913021617989 -57.96634606484166 67 167
-34.949980602993776 -57.96523287188555 67 168
-34.95083038144701 -57.96413224579213 67 169
-34.951713630639446 -57.96296519749103 18 67
-34.952582227976215 -57.96176648696439 67 171
-34.953427088067215 -57.960654786710634 67 172
-34.954249156904595 -57.95952810006508 67 174
-34.95507800525359 -57.958431695839245 67 176
-34.95591133125775 -57.957308776839966 67 177
-34.956802996594796 -57.95612838564447 67 179
-34.948373541189014 -57.96960057365092 69 165
-34.94921125511056 -57.9684832103663 69 166
-34.95004088109358 -57.96734993852379 69 167
-34.95088256869344 -57.966238886018765 69 168
-34.95177014281824 -57.965128628673504 69 169
-34.95259044548694 -57.96394622282295 18 69
-34.95349298988562 -57.96278357315216 69 171
-34.954347117737484 -57.96167622776546 69 172
-34.955181163874464 -57.96055740300579 69 174
-34.955990480042 -57.959442573371845 69 176
-34.9568523341283 -57.95830654902155 69 177
-34.957710833204736 -57.957129019641826 69 179
-34.94930480714474 -57.970616745679415 70 165
-34.95014155609807 -57.96948555717944 70 166
-34.950985960538 -57.968368651255616 70 167
-34.95181089241058 -57.96725669079231 70 168
-34.95264589485032 -57.96612178806673 70 169
-34.95351576692091 -57.96497348858672 18 70
-34.95441016952134 -57.96380581516996 70 171
-34.95526423722703 -57.96269386098649 70 172
-34.95609598508468 -57.96157061957093 70 174
-34.95691392503958 -57.96044290843422 70 176
-34.95774612716558 -57.95932387837413 70 177
-34.95863620723226 -57.95814995380614 70 179
-34.95027664681885 -57.971677082429316 4 165
-34.951120353629506 -57.97052860212052 4 166
-34.95195153404326 -57.96943510227193 4 167
-34.95278771305986 -57.968304948793666 4 168
-34.95362138005246 -57.96719006768125 4 169
-34.95446911227623 -57.96600974674252 4 18
-34.95535783784557 -57.964852103033024 4 171
-34.9561839684546 -57.963718895115996 4 172
-34.957010090750735 -57.96259485055632 4 174
-34.957861238339675 -57.96148913281946 4 176
-34.95869401910833 -57.9603808732992 4 177
-34.959569428910385 -57.95920418043866 4 179